hill3.asc
ncols         372
nrows         178
xllcorner     551666.95216744
yllcorner     145703.09962349
cellsize      10
NODATA_value  -9999
[rows 112 to 139 of 178, columns 63 to 125 of 372]
224.9447 223.7778 222.5513 221.1067 219.2798 217.1508 215.4904 215.3078 215.4946 215.842 215.836 215.4273 214.9903 214.5171 214.2449 214.1406 214.0358 214.0049 214.0518 214.1096 214.0368 213.7403 213.3613 213.1154 213.3354 214.0756 215.418 217.5042 219.9263 222.1163 223.5486 224.1489 224.233 224.0825 223.7313 223.185 222.4943 221.6286 220.7559 220.0268 219.5589 219.1714 218.7534 218.2407 217.4936 216.4265 215.1329 213.7525 212.1273 210.0575 207.9838 206.276 204.532 202.4364 200.3683 198.7371 197.2708 195.6856 194.0942 192.2649 190.398 188.6754 187.7283
225.1074 224.0011 222.8378 221.496 219.5348 217.5269 216.3503 216.7744 217.2645 217.577 217.4659 216.9078 216.0854 215.3249 215.0199 214.9834 215.0163 215.0585 215.0913 215.0683 214.8812 214.392 213.8907 213.6057 213.7786 214.5366 215.9391 218.062 220.3178 222.3377 223.7045 224.3308 224.4374 224.2184 223.7707 223.221 222.5089 221.6429 220.7654 220.0283 219.5552 219.1693 218.7576 218.2487 217.4943 216.4054 215.0936 213.6775 212.0772 210.0581 208.0348 206.3552 204.58 202.4673 200.4116 198.8321 197.415 195.9737 194.522 192.779 190.8963 188.644 186.6558
225.3902 224.2879 223.0686 221.7204 219.8331 218.2805 217.9779 218.7245 219.3739 219.6695 219.364 218.5015 217.4372 216.4963 216.0175 215.9594 216.1254 216.2508 216.2791 216.1414 215.7129 215.0456 214.4244 214.075 214.2265 215.0714 216.682 218.808 220.7584 222.4814 223.7334 224.3675 224.4967 224.258 223.7706 223.2091 222.4925 221.5933 220.715 220.0232 219.5505 219.1631 218.7619 218.2263 217.4469 216.2896 214.9467 213.4617 211.9342 210.0674 208.1931 206.5546 204.6859 202.5111 200.4409 198.9079 197.5206 196.1974 194.8513 193.2601 191.4809 189.1927 186.8744
226.0326 224.8347 223.4456 221.9102 220.1644 219.3242 219.5542 220.424 221.1605 221.5061 221.0166 219.9993 218.776 217.6716 217.0297 216.9391 217.2424 217.4195 217.4479 217.2514 216.6272 215.8001 215.0178 214.5588 214.6585 215.546 217.2889 219.324 221.0563 222.5535 223.723 224.3473 224.496 224.2679 223.7701 223.167 222.4323 221.447 220.5495 219.9619 219.4837 219.0794 218.6979 218.0601 217.209 215.9515 214.5888 213.0421 211.6372 210.0725 208.4827 206.874 204.8368 202.5495 200.4043 198.793 197.4763 196.2383 194.9792 193.5152 191.8972 189.8044 187.7294
226.6285 225.3882 223.9677 222.1021 220.4116 220.2272 220.9285 221.9275 222.5788 222.794 222.3741 221.3499 220.0719 218.8833 218.0497 217.8321 218.1113 218.3379 218.3866 218.1635 217.5393 216.6378 215.72 215.0954 215.1976 216.2077 217.8549 219.6962 221.2463 222.5901 223.7068 224.3094 224.4688 224.2615 223.755 223.0262 222.2285 221.1386 220.1944 219.6981 219.2778 218.8162 218.3468 217.6023 216.6019 215.3223 214.0144 212.6679 211.4088 210.0638 208.6541 207.053 204.9247 202.5442 200.2923 198.5441 197.2617 196.0791 194.9288 193.5712 192.0738 190.2116 188.5522
227.1377 225.7571 224.2305 222.2832 220.8149 221.1606 222.1639 223.1368 223.7912 223.9579 223.5831 222.5883 221.3248 220.1733 219.4518 219.0462 219.084 219.2126 219.2524 219.089 218.5614 217.6286 216.649 215.9977 216.0778 217.0263 218.5711 220.1105 221.4509 222.6654 223.7066 224.2567 224.4035 224.2107 223.6914 222.7334 221.7852 220.7369 219.9662 219.472 219.0805 218.6321 217.9466 217.0874 215.9392 214.7166 213.4507 212.3613 211.2442 210.0373 208.7079 207.1106 204.9442 202.4973 200.1187 198.1493 196.8156 195.6858 194.6358 193.324 191.9584 190.3398 189.1003
227.3737 225.9454 224.3751 222.6118 221.8307 222.3561 223.3518 224.2299 224.865 225.0096 224.6871 223.6881 222.3722 221.2226 220.4551 220.0226 219.9484 219.9845 220.0103 219.9637 219.6254 218.7305 217.6692 216.9278 216.9244 217.7908 219.2862 220.603 221.8042 222.8732 223.7361 224.1706 224.2653 224.0709 223.5956 222.5787 221.4436 220.2992 219.6327 219.1485 218.6895 218.0551 217.2107 216.1858 215.1046 213.9938 212.8446 212.0325 211.1015 209.985 208.6628 207.0804 204.9209 202.4569 200.0171 197.9272 196.4563 195.2104 194.0951 192.8179 191.564 190.2524 189.3515
227.4421 225.967 224.4068 222.8268 222.7015 223.4974 224.506 225.1681 225.6639 225.7551 225.3815 224.4674 223.0485 221.9387 221.1796 220.7481 220.5707 220.5509 220.5524 220.5327 220.3122 219.6929 218.7007 217.8124 217.6905 218.472 219.7482 220.9601 222.0584 223.013 223.7187 224.0081 224.0246 223.7748 223.3043 222.4255 221.258 220.1217 219.386 218.7889 218.1267 217.3063 216.2445 215.2806 214.4808 213.6059 212.6757 212.0066 211.0943 209.9335 208.5293 206.9766 204.8711 202.4418 200.0139 197.9053 196.3623 195.0173 193.7816 192.5216 191.2693 190.1247 189.3498
227.4294 225.9581 224.5061 223.1932 223.5905 224.5853 225.4694 226.0357 226.3543 226.3277 225.8484 224.8982 223.6018 222.4613 221.7239 221.3516 221.1689 221.0432 220.9482 220.9262 220.8 220.3431 219.6239 218.814 218.5865 219.0744 220.029 221.2097 222.3255 223.0547 223.5565 223.7562 223.7521 223.4965 222.9778 222.149 221.0107 219.9629 219.1763 218.5265 217.64 216.6574 215.5326 214.8776 214.3168 213.6619 212.9536 212.2871 211.2222 209.9178 208.3752 206.8537 204.8312 202.4635 200.1046 198.0698 196.5108 195.0134 193.6191 192.3125 190.9655 189.8495 188.9344
227.4062 226.0285 224.8586 224.1937 224.714 225.6017 226.3906 226.8162 226.9778 226.8618 226.2855 225.2566 224.0413 222.8289 222.153 221.9064 221.7724 221.5417 221.319 221.2884 221.2208 220.7777 220.0901 219.4883 219.2564 219.5454 220.2023 221.2673 222.313 222.9007 223.3336 223.5318 223.4961 223.1817 222.5397 221.5094 220.3934 219.5642 218.8145 218.0925 217.3754 216.5062 215.6466 215.0317 214.5493 213.9342 213.2313 212.4425 211.3329 210.014 208.5572 206.9804 204.8892 202.5311 200.2624 198.3885 196.8148 195.0611 193.4213 191.9867 190.4592 189.2181 188.1441
227.4029 226.1645 225.2284 225.0989 225.703 226.5629 227.2866 227.5323 227.5643 227.4478 226.8543 225.8466 224.6362 223.3999 222.6159 222.4713 222.4111 222.1238 221.9506 221.8757 221.6509 221.1711 220.522 219.9883 219.7358 219.9697 220.473 221.2588 222.0594 222.5838 223.0549 223.267 223.2097 222.8604 222.2193 221.0939 220.0451 219.2789 218.5711 217.6878 217.1036 216.4897 215.915 215.3946 214.9238 214.213 213.4133 212.5108 211.3881 210.0866 208.6959 207.0795 204.9373 202.5753 200.3597 198.5697 196.9412 195.0037 193.1043 191.545 189.9877 188.4869 187.1239
227.4719 226.5032 225.9439 225.997 226.6153 227.3894 227.9507 228.1833 228.1907 227.9943 227.4254 226.4038 225.0628 223.9136 223.1786 222.8999 222.7499 222.5325 222.4933 222.4404 222.0471 221.3925 220.8405 220.3503 220.0397 220.2362 220.6621 221.2572 221.9148 222.4644 222.8259 222.9528 222.8249 222.3696 221.651 220.499 219.6701 218.9822 218.2926 217.5392 216.94 216.412 215.9476 215.5177 215.0111 214.265 213.4203 212.502 211.3872 210.1123 208.7584 207.1202 204.9521 202.5865 200.3927 198.6332 196.9635 194.9441 192.9333 191.2791 189.6399 187.81 186.0605
227.6144 226.9168 226.6699 226.8103 227.4037 228.0265 228.494 228.7116 228.6957 228.4429 227.8702 226.8996 225.383 224.3131 223.6416 223.3009 223.1075 222.9477 222.8699 222.7488 222.4232 221.8153 221.2539 220.7982 220.4957 220.5585 220.8496 221.2541 221.7413 222.1733 222.4603 222.4889 222.3003 221.7514 221.0628 220.1296 219.3418 218.6332 217.9583 217.3072 216.6481 216.1346 215.7073 215.3581 214.8602 214.0376 213.186 212.3611 211.308 210.0994 208.7807 207.1398 204.972 202.6165 200.4309 198.6734 196.9702 194.9347 192.9197 191.2433 189.5381 187.5215 185.427
227.9412 227.381 227.3865 227.5468 228.0341 228.5563 228.9518 229.1288 229.0668 228.7523 228.1373 227.1509 225.6527 224.672 224.0618 223.7046 223.4802 223.3057 223.1485 222.9205 222.5405 222.1209 221.6132 221.195 220.8632 220.8533 221.0442 221.2551 221.5414 221.7684 221.8461 221.7777 221.4564 221.0933 220.545 219.8104 218.9353 218.1027 217.3086 216.5323 215.9681 215.5495 215.1175 214.815 214.227 213.4347 212.65 211.9701 211.111 210.0551 208.8003 207.1914 205.0763 202.7763 200.5999 198.8139 197.0479 195.0299 193.1007 191.469 189.7479 187.7783 185.6843
228.3867 227.8344 227.9553 228.2102 228.6123 229.0347 229.3528 229.4613 229.3326 228.9487 228.2945 227.3518 226.087 225.1013 224.512 224.1352 223.8731 223.6558 223.4327 223.1529 222.7975 222.4208 221.8465 221.3186 221.0546 221.0708 221.2442 221.3078 221.3853 221.4241 221.2989 221.2338 220.9371 220.5313 219.9518 219.1725 218.2552 217.2939 216.2902 215.4206 214.9997 214.7406 214.3057 213.8689 213.3362 212.6674 212.1074 211.5594 210.8748 210.0026 208.8393 207.3207 205.3674 203.229 201.0812 199.1918 197.2955 195.2988 193.5363 191.9415 190.2149 188.4188 186.4795
229.157 228.8436 228.7794 228.9023 229.161 229.4646 229.7065 229.7269 229.5239 229.0663 228.367 227.4677 226.4334 225.5734 224.9909 224.5839 224.2798 224.0176 223.7396 223.4079 223.0061 222.5475 222.1196 221.7296 221.3341 221.2531 221.2852 221.2901 221.2518 221.2413 221.0561 220.8439 220.4732 219.9475 219.2323 218.3737 217.3937 216.2982 215.2355 214.4074 213.8999 213.6142 213.2442 212.7589 212.3846 211.9318 211.5316 211.1066 210.5606 209.8887 208.8568 207.5087 205.8692 204.0317 201.9215 199.8343 197.78 195.7489 194.0016 192.3844 190.7877 189.1798 187.327
229.9364 229.8083 229.5598 229.5267 229.6326 229.8044 229.993 229.9187 229.667 229.1418 228.3895 227.5141 226.6583 225.9363 225.3969 224.995 224.6698 224.3831 224.0717 223.718 223.321 222.9069 222.5527 222.3764 221.9521 221.5844 221.3424 221.2461 221.097 220.9688 220.7656 220.4454 219.942 219.2422 218.4215 217.5132 216.5023 215.3844 214.3701 213.4709 212.7962 212.4662 212.1391 211.6366 211.3072 211.0541 210.8351 210.5459 210.0789 209.5605 208.7473 207.6048 206.2136 204.556 202.5221 200.4671 198.4987 196.4728 194.5968 192.8535 191.3226 189.8179 188.2292
230.3201 230.2488 230.0372 229.9954 229.9986 230.0114 230.1018 230.0029 229.7904 229.2082 228.3966 227.5278 226.8007 226.1965 225.7121 225.3217 225.0017 224.7223 224.394 224.0413 223.6741 223.3181 223.0189 222.7907 222.4156 221.8152 221.2849 221.0381 220.8048 220.5863 220.3655 219.9317 219.2506 218.4421 217.5818 216.7012 215.7632 214.7775 213.7205 212.7143 211.9041 211.3183 210.834 210.3158 210.0761 209.9969 209.9638 209.8639 209.5447 209.1425 208.5294 207.5722 206.3096 204.7595 202.8548 201.0085 199.2304 197.2454 195.2977 193.4857 191.9178 190.4114 189.0265
230.7551 230.6609 230.5031 230.4135 230.3566 230.3074 230.2556 230.0961 229.9407 229.2761 228.4044 227.5322 226.9072 226.3896 225.9451 225.5557 225.2393 224.9822 224.6424 224.3056 223.9658 223.6305 223.3147 222.986 222.5157 221.8818 221.2719 220.8228 220.4303 220.0724 219.8287 219.2256 218.4486 217.6156 216.8015 215.9376 215.0387 214.1021 213.1016 212.0895 211.0266 210.1485 209.516 208.9722 208.7473 208.7246 208.7685 208.7813 208.6899 208.5136 208.1075 207.3008 206.0651 204.6042 202.8567 201.1557 199.5398 197.7222 195.9844 194.3204 192.599 191.0864 189.7775
231.2373 231.0652 230.8956 230.7622 230.6521 230.5348 230.3173 230.0193 229.8575 229.2753 228.4211 227.5486 227.0216 226.5444 226.0925 225.6779 225.3151 225.0046 224.7424 224.4643 224.1428 223.7919 223.4288 223.025 222.4931 221.7848 221.1565 220.5296 219.9962 219.514 219.0533 218.3936 217.6232 216.8734 216.0985 215.2238 214.3212 213.3475 212.3035 211.1481 209.9572 208.8594 207.9605 207.3923 207.1946 207.1973 207.2716 207.3621 207.4544 207.5183 207.2947 206.5068 205.3096 203.9426 202.4716 200.8202 199.3243 197.7392 196.221 194.6763 192.9267 191.4267 190.1404
231.6278 231.388 231.183 231.0056 230.8427 230.6677 230.4397 230.1886 229.9678 229.4034 228.5638 227.6714 227.1666 226.6793 226.1997 225.7469 225.3389 225.0019 224.7969 224.5571 224.2062 223.7828 223.3363 222.8497 222.2357 221.367 220.6655 220.0157 219.4321 218.8657 218.2743 217.5896 216.8949 216.1776 215.4471 214.6133 213.5554 212.4499 211.2789 210.0371 208.7679 207.5439 206.4731 205.6856 205.3992 205.3691 205.4488 205.5958 205.8252 206.1082 205.9738 205.2499 204.1522 202.8309 201.6809 200.1316 198.5954 197.1395 195.7681 194.3751 192.7436 191.2713 190.0591
231.833 231.5713 231.3397 231.1279 230.9303 230.7327 230.5191 230.2886 230.0195 229.6264 228.8717 228.0455 227.4384 226.8405 226.2998 225.8091 225.3715 225.0133 224.8685 224.6342 224.1728 223.5955 223.0106 222.3885 221.5562 220.7445 220.0355 219.4036 218.7982 218.1805 217.5265 216.8512 216.1613 215.4087 214.5798 213.627 212.5338 211.3692 210.14 208.8661 207.5556 206.2681 205.0985 204.2288 203.8068 203.6687 203.7005 203.8489 204.0945 204.3315 204.1678 203.4719 202.4672 201.278 200.0908 198.4979 196.8481 195.4145 194.2618 193.062 191.7154 190.3254 189.2393
231.8873 231.6066 231.3501 231.1157 230.9016 230.7061 230.5283 230.3555 230.17 229.9206 229.1349 228.2649 227.5282 226.9126 226.3639 225.8744 225.459 225.1553 224.9993 224.7249 224.0475 223.2394 222.4964 221.7725 220.9806 220.1181 219.4204 218.7756 218.1368 217.4689 216.7594 216.0397 215.2918 214.3848 213.2933 212.3776 211.3363 210.1889 208.9814 207.6755 206.3284 204.9633 203.6689 202.6192 202.0239 201.6879 201.5563 201.5575 201.6413 201.6483 201.3523 200.6704 199.6977 198.4512 197.0245 195.3567 193.7104 192.4328 191.5206 190.6307 189.5322 188.3761 187.4177
231.7924 231.4935 231.2141 230.9592 230.7371 230.5579 230.4296 230.2977 230.1123 229.9076 229.1273 228.2624 227.5296 226.9221 226.384 225.9044 225.4919 225.1795 225.0055 224.7303 223.7798 222.7474 221.8781 221.0653 220.263 219.5442 218.8553 218.163 217.4521 216.6884 215.9041 215.0899 214.2306 213.0503 211.9529 211.0302 210.0478 208.9724 207.7861 206.4435 204.996 203.4912 201.9942 200.6331 199.709 199.0059 198.5705 198.3023 198.147 197.8771 197.3543 196.5426 195.4793 194.1336 192.5816 190.9492 189.434 188.3662 187.6952 187.0847 186.2906 185.3849 184.4967
231.6535 231.3128 230.9984 230.7175 230.484 230.3135 230.2527 230.1918 229.986 229.5697 228.8273 228.032 227.4437 226.8699 226.3583 225.8915 225.4507 225.0273 224.6983 224.1815 223.2716 222.3437 221.3415 220.3734 219.8383 219.1156 218.376 217.5914 216.7396 215.8724 215.0054 214.0565 212.9473 211.6936 210.5183 209.5945 208.6314 207.5893 206.4514 204.9849 203.3951 201.716 199.9535 198.3184 197.0226 195.8874 195.05 194.3666 193.8502 193.2646 192.4997 191.5556 190.4198 189.0558 187.5712 186.1053 184.7775 183.8809 183.415 183.0049 182.4173 181.652 180.8596
231.5156 231.1181 230.7593 230.45 230.2047 230.0115 230.0016 229.9811 229.6779 229.1573 228.4213 227.6382 227.179 226.7345 226.2984 225.8765 225.4514 224.9897 224.4283 223.6856 222.742 221.9842 221.136 220.119 219.4433 218.728 217.9716 217.1538 216.0731 215.0939 214.1798 213.1463 211.8863 210.4353 209.1239 207.9704 206.9388 205.8051 204.5466 203.0279 201.3389 199.488 197.5828 195.7843 194.143 192.6352 191.4319 190.3367 189.4114 188.5921 187.7232 186.8072 185.7163 184.4539 183.1809 182.0078 180.856 180.0541 179.7076 179.3915 178.8833 178.1994 177.5362
231.4002 230.945 230.5409 230.2109 229.9965 229.8221 229.7418 229.6264 229.311 228.8067 228.1611 227.5115 227.0647 226.6559 226.255 225.8696 225.4653 224.9789 224.2853 223.4488 222.5564 221.8533 221.1048 220.0673 219.2322 218.4297 217.576 216.5922 215.4034 214.4361 213.49 212.3716 210.8596 209.3114 207.744 206.2509 204.8769 203.5591 202.1266 200.5589 198.7515 196.8684 194.9767 193.1154 191.1933 189.4159 188.0222 186.7501 185.6573 184.8415 184.1134 183.4224 182.5858 181.4656 180.569 179.5836 178.4995 177.8994 177.6522 177.4101 176.968 176.51 176.0042
231.3256 230.8192 230.3743 230.0135 229.8142 229.6447 229.5021 229.3168 229.0039 228.5577 228.0218 227.4947 227.0799 226.6585 226.2413 225.8717 225.4773 224.9748 224.2319 223.3723 222.5165 221.8077 221.0779 220.0482 219.1288 218.2618 217.4048 216.3041 215.0764 213.9658 212.9449 211.8036 210.181 208.3518 206.3903 204.369 202.4881 200.8333 199.2856 197.6952 195.9438 194.1609 192.4162 190.5422 188.4831 186.5552 185.1823 184.0967 183.246 182.8177 182.4863 182.154 181.7048 181.0093 180.2186 179.3313 178.3198 177.6165 177.4829 177.5431 177.6937 177.8837 177.7808
