hill3.asc
ncols         372
nrows         178
xllcorner     551666.95216744
yllcorner     145703.09962349
cellsize      10
NODATA_value  -9999
[rows 140 to 167 of 178, columns 189 to 251 of 372]
154.5026 154.4445 154.3904 154.341 154.294 154.2457 154.1977 154.154 154.114 154.0762 154.0406 154.0072 153.9741 153.9401 153.9055 153.8725 153.8447 153.8263 153.821 153.8328 153.8628 153.9119 153.9952 154.1393 154.3697 154.6992 155.137 155.9931 156.8952 157.6216 158.4018 159.0922 159.6445 160.0293 160.6816 161.394 162.0611 162.6119 163.3035 164.1053 165.0213 166.1461 167.4256 168.8047 170.4177 172.5508 174.9728 177.4658 179.8153 181.8624 183.5436 185.2359 186.9792 188.3933 189.8645 191.3692 193.043 194.9986 196.9831 198.6966 200.1366 201.3262 202.3605
154.5586 154.4973 154.436 154.3771 154.3206 154.2654 154.2125 154.1635 154.1187 154.0776 154.04 154.0056 153.9729 153.9406 153.9084 153.878 153.8522 153.8338 153.8257 153.8289 153.8551 153.8939 153.958 154.0734 154.2686 154.5696 155.0237 155.7901 156.6675 157.498 158.2805 158.9599 159.5193 159.9989 160.576 161.2013 161.8188 162.4186 163.0256 163.9187 164.9841 166.1476 167.4138 168.7387 170.3498 172.4784 174.8427 177.2415 179.4354 181.3352 183.0804 184.9039 186.7061 188.293 189.883 191.3519 192.8836 194.6862 196.438 198.0488 199.5903 200.7837 201.8302
154.6277 154.556 154.483 154.4116 154.3433 154.2789 154.2191 154.1646 154.1154 154.0713 154.0323 153.9979 153.9667 153.9372 153.9087 153.8818 153.8585 153.8412 153.8322 153.8338 153.8538 153.8809 153.9284 154.025 154.2088 154.5201 155.0016 155.6803 156.5576 157.4697 158.2524 158.9184 159.4855 159.9969 160.5202 161.0627 161.6007 162.1268 162.6884 163.7304 164.9325 166.113 167.3731 168.672 170.301 172.3899 174.6128 176.8312 178.8134 180.6749 182.5476 184.3238 186.0272 187.8827 189.72 191.2482 192.7171 194.3381 195.9453 197.5374 198.9939 200.2069 201.3156
154.6988 154.6133 154.5252 154.4391 154.3581 154.2836 154.2163 154.1565 154.1037 154.0577 154.0183 153.9849 153.9561 153.9304 153.9062 153.8836 153.8637 153.8484 153.8398 153.8394 153.8552 153.8707 153.901 153.9772 154.1431 154.4488 154.9354 155.5191 156.446 157.4528 158.2549 158.9169 159.4852 159.9989 160.4932 160.9861 161.4827 162.0022 162.5765 163.6418 164.8679 165.9715 167.1948 168.4807 170.1852 172.2397 174.2834 176.2958 178.2069 180.1945 182.1452 183.8676 185.5852 187.5601 189.5056 191.088 192.5643 194.0396 195.4984 197.0864 198.4522 199.6867 200.7471
154.766 154.6643 154.5591 154.4573 154.3632 154.2788 154.2045 154.1401 154.0848 154.0381 153.9993 153.9677 153.9423 153.9208 153.9016 153.8837 153.8674 153.8542 153.8461 153.8457 153.8588 153.8626 153.8729 153.9192 154.0411 154.2778 154.6579 155.21 156.287 157.4171 158.2412 158.907 159.4837 160.0012 160.4866 160.9553 161.4261 161.9302 162.5528 163.5908 164.7476 165.6683 166.7904 168.1102 169.9719 172.017 173.9254 175.849 177.8118 179.854 181.7777 183.4695 185.2451 187.2027 189.122 190.7885 192.3693 193.7919 195.172 196.5672 197.8038 198.9462 200.0745
154.8266 154.7054 154.5818 154.4647 154.3587 154.2656 154.1855 154.1177 154.0611 154.0146 153.9773 153.9485 153.9267 153.9099 153.8958 153.8827 153.8706 153.8601 153.8532 153.853 153.8651 153.8585 153.8513 153.8708 153.955 154.1465 154.4953 155.0955 156.198 157.369 158.1716 158.8499 159.4599 160.0032 160.4947 160.9586 161.4298 161.9381 162.5538 163.5531 164.5888 165.3642 166.4927 167.8607 169.7338 171.6868 173.5114 175.4446 177.4983 179.4837 181.2503 182.9833 184.8368 186.6452 188.4245 190.2808 192.0311 193.4851 194.8892 196.0959 197.1685 198.1883 199.4567
154.8713 154.7298 154.5902 154.4609 154.3459 154.2465 154.1624 154.0925 154.0355 153.99 153.955 153.9292 153.9113 153.899 153.8899 153.8819 153.8741 153.8668 153.8618 153.8617 153.8717 153.8599 153.8429 153.8476 153.9129 154.0884 154.4373 155.0573 156.102 157.2287 157.9819 158.7142 159.4018 160.003 160.4983 160.96 161.449 161.9897 162.5874 163.6433 164.7605 165.5206 166.4738 167.7184 169.4229 171.1703 173.0462 175.1391 177.2378 179.0736 180.7373 182.5773 184.421 186.1125 187.8927 189.8176 191.5445 193.0271 194.5109 195.6278 196.6485 197.6694 198.7509
154.8747 154.7284 154.5822 154.4471 154.3275 154.2249 154.1389 154.0683 154.0116 153.9675 153.9347 153.912 153.8978 153.8898 153.8854 153.882 153.8785 153.8748 153.8723 153.8725 153.8777 153.8676 153.8502 153.852 153.9133 154.0858 154.4315 155.0242 155.9318 156.8887 157.6557 158.5165 159.3096 159.9871 160.4569 160.8986 161.3757 161.92 162.6023 163.7124 164.8639 165.6544 166.5076 167.5991 169.0534 170.6942 172.7295 174.9527 177.0575 178.7908 180.4247 182.2329 183.9029 185.5245 187.3769 189.3424 191.0762 192.5969 193.9552 195.0635 196.1111 197.2201 198.1282
154.8584 154.7079 154.562 154.4276 154.3083 154.2056 154.1194 154.049 153.9929 153.95 153.919 153.8989 153.8878 153.8834 153.883 153.8839 153.8842 153.8838 153.8833 153.8839 153.8857 153.8827 153.8705 153.8774 153.9431 154.1168 154.4537 155.0108 155.8256 156.7122 157.5324 158.3831 159.1794 159.8882 160.318 160.772 161.2727 161.8531 162.6 163.7224 164.8745 165.6734 166.5056 167.5342 168.8494 170.4656 172.5626 174.8024 176.8357 178.4925 180.1319 181.8427 183.3632 184.9378 186.7166 188.6822 190.5458 192.1532 193.4025 194.4773 195.4395 196.5175 197.3692
154.7981 154.6675 154.5352 154.4092 154.2946 154.194 154.1087 154.0384 153.9825 153.9401 153.9101 153.8915 153.8825 153.8809 153.8836 153.8878 153.8914 153.8934 153.894 153.894 153.8946 153.9024 153.8971 153.9135 153.9879 154.1639 154.4893 155.0134 155.7861 156.6582 157.5005 158.2563 158.9365 159.5278 160.0497 160.6041 161.1662 161.7976 162.5771 163.6381 164.7433 165.5256 166.4069 167.4607 168.7091 170.3237 172.3929 174.5395 176.4003 178.015 179.6642 181.2046 182.6974 184.2417 185.9473 187.9858 189.9898 191.6105 192.8367 193.9472 194.9053 195.7359 196.3333
154.7339 154.6304 154.5171 154.4026 154.294 154.1959 154.1108 154.0398 153.9829 153.9397 153.9092 153.8908 153.8827 153.8826 153.8874 153.894 153.8999 153.9036 153.905 153.9049 153.904 153.9106 153.9183 153.9494 154.0355 154.215 154.5288 155.0204 155.7593 156.6251 157.471 158.0977 158.7232 159.3671 159.9873 160.5087 161.0738 161.7326 162.5122 163.4103 164.3661 165.1927 166.1826 167.2766 168.4625 170.0802 172.0469 174.0711 175.8692 177.5224 179.0748 180.5373 182.1035 183.6388 185.4049 187.496 189.5563 191.1543 192.388 193.3635 194.1541 194.7225 194.9318
154.7005 154.6219 154.5244 154.4187 154.3137 154.2158 154.1289 154.0551 153.9953 153.9495 153.9171 153.8973 153.8887 153.8889 153.8946 153.9026 153.9098 153.9144 153.9159 153.915 153.9138 153.9205 153.9369 153.9797 154.0753 154.2571 154.5604 155.0171 155.6711 156.4925 157.3129 157.7021 158.432 159.1873 159.8984 160.361 160.9266 161.5997 162.3723 163.1227 164.0658 165.0092 165.9446 166.9187 168.0197 169.6301 171.3869 173.2702 175.1787 176.9527 178.4994 180.0048 181.5044 183.0438 184.8854 186.9397 188.9816 190.5476 191.7081 192.5329 193.1181 193.3905 193.3514
154.7276 154.6618 154.5691 154.4645 154.358 154.2562 154.164 154.0846 154.0196 153.9693 153.9333 153.9108 153.9004 153.8996 153.9052 153.9135 153.9212 153.926 153.9271 153.9256 153.9246 153.9318 153.952 153.9993 154.0954 154.269 154.5517 154.9663 155.4495 156.173 156.9396 157.5277 158.2157 158.9356 159.5922 160.0806 160.7003 161.3556 162.0393 162.7456 163.8131 164.8907 165.749 166.6325 167.6875 169.1344 170.7117 172.585 174.4845 176.212 177.8324 179.4519 180.9462 182.5316 184.2605 186.0976 188.0547 189.6863 190.774 191.4184 191.817 191.9208 191.9061
154.8301 154.7552 154.6519 154.5403 154.4265 154.316 154.2147 154.1266 154.054 153.9975 153.9566 153.9303 153.9171 153.9145 153.919 153.9267 153.9341 153.9387 153.9394 153.9374 153.9364 153.9429 153.9625 154.006 154.0895 154.232 154.4493 154.742 155.1003 155.7891 156.5833 157.3531 157.9857 158.688 159.381 159.9938 160.556 161.1698 161.8392 162.5926 163.6348 164.7215 165.5043 166.351 167.4032 168.7342 170.2054 171.9616 173.7086 175.4223 177.1302 178.7205 180.2974 181.9931 183.6797 185.453 187.2449 188.658 189.5933 189.933 189.9823 190.0161 190.2795
154.9971 154.8835 154.76 154.6388 154.5142 154.3908 154.2766 154.1771 154.0953 154.0316 153.9852 153.9547 153.9381 153.933 153.9357 153.9423 153.9489 153.9529 153.953 153.9505 153.949 153.9536 153.9696 154.0047 154.0707 154.182 154.3548 154.6062 154.9659 155.4557 156.1678 156.9291 157.6196 158.3874 159.1573 159.8835 160.3912 161.0138 161.7208 162.5054 163.3847 164.3158 165.1114 165.9514 166.9268 168.0902 169.6172 171.2291 172.9365 174.7047 176.3737 177.9588 179.6349 181.3301 183.0822 184.8937 186.406 187.4933 188.1642 188.3109 188.1593 188.274 188.9911
155.1353 155.0008 154.8734 154.7515 154.6139 154.473 154.3427 154.2307 154.1394 154.0686 154.0169 153.9822 153.9623 153.9544 153.955 153.9599 153.9653 153.9684 153.9678 153.9648 153.9622 153.9644 153.9757 154.0008 154.0482 154.1298 154.2602 154.4551 154.7282 155.0932 155.76 156.529 157.3371 158.0551 158.8169 159.5333 160.1051 160.8324 161.5884 162.3728 163.0755 163.9391 164.8138 165.5837 166.5381 167.6655 169.0476 170.5456 172.2913 174.0125 175.6839 177.3024 178.9345 180.6844 182.5815 184.335 185.5365 186.2534 186.7449 186.9017 186.9484 187.337 188.2488
155.3169 155.1503 155.001 154.8771 154.7154 154.551 154.4038 154.2805 154.1817 154.1057 154.0499 154.0117 153.9887 153.9781 153.9763 153.9792 153.983 153.9849 153.9836 153.9799 153.9763 153.9762 153.9832 153.9986 154.0284 154.0837 154.1796 154.3373 154.5851 154.9571 155.4211 156.0708 156.8487 157.6226 158.4585 159.2754 160.007 160.7165 161.4045 162.0622 162.6661 163.5303 164.391 165.1965 166.2439 167.4173 168.6342 170.0212 171.6678 173.3314 175.026 176.655 178.3006 180.1866 182.0378 183.5273 184.5309 184.8822 185.0205 185.323 185.9426 186.8849 188.1223
155.5134 155.3049 155.1342 154.9967 154.7944 154.6072 154.4491 154.3206 154.2191 154.1409 154.083 154.0425 154.0169 154.0035 153.9992 153.9999 154.0016 154.002 153.9997 153.9952 153.9908 153.9893 153.9933 154.0002 154.0142 154.0447 154.1061 154.2162 154.3968 154.6637 155.0168 155.5791 156.3781 157.2906 158.1376 159.0723 159.9529 160.6234 161.2597 161.8921 162.5302 163.3163 164.1499 165.0199 166.0208 167.1639 168.1986 169.4021 170.8165 172.5618 174.3786 176.0892 177.862 179.7509 181.3345 182.5534 183.3057 183.4592 183.4091 184.0146 185.1886 186.7403 188.2839
155.6886 155.4241 155.1985 155.0009 154.8044 154.6249 154.473 154.3495 154.2513 154.1747 154.1166 154.0747 154.0467 154.0304 154.0232 154.0214 154.021 154.0195 154.0159 154.0106 154.0052 154.0025 154.0059 154.0059 154.007 154.0168 154.0468 154.1116 154.2282 154.4121 154.6836 155.1183 155.8838 156.8059 157.7346 158.8144 159.8045 160.4456 161.092 161.7782 162.4883 163.1833 163.9613 164.8314 165.6817 166.7112 167.7094 168.8427 170.1461 171.7977 173.593 175.4495 177.3836 179.2292 180.5656 181.6311 182.3094 182.4666 182.5281 183.1105 184.6026 186.4135 188.2168
155.8337 155.5167 155.2378 154.9997 154.7957 154.6263 154.4873 154.3744 154.2832 154.2101 154.1528 154.1094 154.0785 154.0586 154.0479 154.0431 154.0405 154.0372 154.0321 154.0256 154.019 154.0149 154.0186 154.0146 154.0078 154.0041 154.0128 154.046 154.1211 154.2622 154.5099 154.9365 155.5297 156.4655 157.5114 158.5379 159.4398 160.1133 160.8268 161.5864 162.3647 162.9617 163.662 164.4482 165.2603 166.3547 167.4308 168.4085 169.5087 170.8966 172.7438 174.7549 176.6813 178.4221 179.6763 180.7363 181.4094 181.7229 182.0066 182.6735 184.0618 185.7789 187.7798
155.9626 155.6045 155.2757 154.9978 154.7924 154.6361 154.5106 154.4079 154.3229 154.2522 154.1941 154.1477 154.1126 154.088 154.0727 154.0644 154.0594 154.0545 154.0484 154.0409 154.0329 154.0269 154.0299 154.0255 154.0169 154.0089 154.0087 154.0266 154.0772 154.1814 154.3674 154.6768 155.1727 156.2074 157.3644 158.2953 159.1394 159.8864 160.5148 161.2512 161.9851 162.6025 163.3313 164.163 165.0715 166.1419 167.2141 168.033 168.9738 170.2121 171.9403 173.923 175.7863 177.5152 178.9972 180.0227 180.695 181.179 181.7086 182.5226 183.7961 185.4002 187.3722
156.1091 155.7254 155.3514 155.0121 154.8307 154.6858 154.5645 154.4642 154.3792 154.306 154.2432 154.1908 154.1491 154.1181 154.0972 154.0846 154.0771 154.071 154.0643 154.0565 154.0485 154.0424 154.0412 154.0386 154.0335 154.0302 154.0345 154.0546 154.1023 154.1942 154.3511 154.6073 155.0611 156.0481 157.1824 157.9938 158.7875 159.5095 160.1301 160.9142 161.6742 162.384 163.0473 163.9407 164.9417 165.8847 166.8101 167.6031 168.4644 169.5455 170.9545 172.7921 174.6383 176.3093 177.8157 179.1042 179.9362 180.675 181.4918 182.4811 183.7107 185.194 186.9788
156.3048 155.9267 155.5571 155.2279 154.999 154.8131 154.6672 154.5538 154.4582 154.3744 154.301 154.2383 154.1871 154.148 154.1205 154.1031 154.093 154.0861 154.0792 154.0714 154.0632 154.0563 154.0531 154.0537 154.0556 154.0644 154.0842 154.1219 154.1878 154.2974 154.4693 154.7206 155.081 155.9088 156.8445 157.63 158.4909 159.2846 159.9988 160.7235 161.4111 162.0492 162.6863 163.676 164.7366 165.5671 166.4477 167.3065 168.0586 169.051 170.2948 171.8527 173.4647 175.0057 176.4728 177.8092 178.9818 180.1374 181.2958 182.4696 183.7003 185.059 186.583
156.5528 156.1992 155.845 155.5156 155.2395 155.0017 154.8153 154.6776 154.5597 154.4562 154.3657 154.2883 154.2249 154.1762 154.1416 154.1196 154.1071 154.0996 154.093 154.0854 154.0766 154.0684 154.0642 154.0673 154.0795 154.105 154.1472 154.2109 154.3048 154.445 154.6574 154.9703 155.2916 155.9271 156.7152 157.5117 158.3736 159.2103 159.9787 160.651 161.2751 161.8794 162.5358 163.4383 164.3683 165.1591 166.0562 166.8964 167.6726 168.7205 169.9165 171.154 172.4858 173.8608 175.3191 176.7651 178.1836 179.7829 181.1794 182.4786 183.7219 185.0063 186.3686
156.8576 156.5254 156.1806 155.8431 155.5331 155.2516 155.0051 154.8311 154.6766 154.5448 154.4322 154.3371 154.2599 154.201 154.1598 154.1339 154.1197 154.1122 154.1064 154.099 154.0895 154.0798 154.0747 154.0805 154.1031 154.1462 154.2118 154.3015 154.4185 154.5676 154.7556 155.0019 155.3853 155.9738 156.7048 157.5021 158.3552 159.205 159.9882 160.631 161.227 161.833 162.5074 163.3304 164.1926 165.0124 165.8658 166.6982 167.5343 168.5442 169.6556 170.6276 171.7782 173.0492 174.6246 176.1291 177.775 179.5818 181.0828 182.4482 183.6884 184.9362 186.1876
157.1901 156.8763 156.5305 156.1786 155.8441 155.5337 155.2451 154.9924 154.7885 154.6277 154.4926 154.3795 154.2889 154.221 154.1747 154.1467 154.1321 154.1252 154.1205 154.1135 154.1032 154.0919 154.0853 154.0925 154.1241 154.1832 154.2694 154.3825 154.5214 154.6816 154.8488 155.0166 155.4316 156.0126 156.7248 157.5135 158.3451 159.1916 159.9835 160.593 161.1851 161.8167 162.5124 163.2965 164.1401 164.9902 165.8102 166.6398 167.491 168.3799 169.3051 170.2196 171.4383 172.7478 174.3084 175.7731 177.5274 179.3486 180.8615 182.2532 183.4666 184.6866 185.8339
157.5024 157.2127 156.8519 156.4782 156.1203 155.7811 155.4313 155.026 154.8596 154.6942 154.5408 154.4116 154.3101 154.236 154.1872 154.1595 154.1465 154.1412 154.1374 154.1306 154.1193 154.1059 154.0964 154.1022 154.1404 154.2111 154.3119 154.4415 154.6006 154.7892 154.9958 155.1478 155.4896 156.023 156.7156 157.4967 158.2624 159.0828 159.8845 160.4472 161.0689 161.7556 162.4954 163.2384 164.0809 164.966 165.7574 166.6021 167.4768 168.2936 169.1636 170.1652 171.5312 172.8905 174.4502 175.8031 177.3361 178.9259 180.4258 181.7915 182.9947 184.1461 185.2658
157.7425 157.478 157.088 156.6973 156.3205 155.9498 155.5709 155.2053 154.9932 154.763 154.5758 154.4311 154.3231 154.2474 154.2 154.1752 154.1658 154.1632 154.1602 154.1525 154.1391 154.1235 154.1127 154.1096 154.1514 154.2274 154.3318 154.4615 154.617 154.799 154.9972 155.1492 155.4417 155.9253 156.5942 157.3697 158.0259 158.799 159.5411 160.1219 160.8386 161.5894 162.371 163.0417 163.8935 164.8172 165.5768 166.4813 167.4294 168.2296 169.1463 170.2971 171.882 173.2205 174.5712 175.7468 177.0352 178.457 179.9851 181.3734 182.5893 183.7497 184.8385
