hill3.asc
ncols         372
nrows         178
xllcorner     551666.95216744
yllcorner     145703.09962349
cellsize      10
NODATA_value  -9999
[rows 28 to 55 of 178, columns 63 to 125 of 372]
217.8566 216.5602 215.1907 213.8277 212.0195 210.0277 208.0545 206.1942 204.2933 202.2463 200.2517 198.6782 197.449 196.4736 195.8615 195.7635 196.0755 196.7452 197.7251 198.9074 199.9539 200.6644 200.8833 200.4786 199.4733 197.7564 195.9511 194.24 192.6121 191.2285 190.0801 189.3483 188.6865 188.088 187.5463 187.2182 186.7794 186.2546 185.6659 185.0026 184.2261 183.3766 182.5016 181.6454 180.8293 180.093 179.6001 179.019 178.41 177.8579 177.448 176.8848 176.282 175.6528 175.0014 174.3445 173.7009 173.0977 172.5596 172.2271 171.7165 170.984 169.9885
218.3895 217.0736 215.5829 214.1539 212.3514 210.3833 208.5733 206.7735 204.6994 202.4512 200.3277 198.6967 197.4147 196.3403 195.6236 195.376 195.5288 196.0099 196.9132 198.0206 199.1324 199.9955 200.3749 200.0321 199.0528 197.4214 195.4705 193.6818 192.3429 191.0777 190.0073 189.2293 188.581 188.0115 187.5013 187.079 186.6152 186.1065 185.5715 184.9902 184.2326 183.3889 182.5075 181.6311 180.7838 180.0143 179.402 178.7875 178.1613 177.5656 177.216 176.772 176.2424 175.6474 174.996 174.2949 173.6064 172.9956 172.5046 172.0765 171.5624 170.889 169.9912
218.7743 217.4435 216.0292 214.5008 212.612 210.715 209.0214 207.1824 205.0021 202.6304 200.4155 198.7301 197.379 196.2012 195.364 194.9893 194.9488 195.1118 195.7414 196.9339 198.1799 199.2317 199.8496 199.6187 198.7466 197.2694 195.359 193.6842 192.3442 191.0798 190.0055 189.1824 188.5294 187.9866 187.4985 186.9891 186.4498 185.9049 185.3847 184.8951 184.1656 183.363 182.5126 181.6388 180.7853 180.0054 179.3068 178.6536 178.0519 177.5076 177.1168 176.6996 176.2105 175.6423 174.9893 174.2383 173.4912 172.8576 172.4384 171.9204 171.3723 170.7317 169.9396
219.055 217.7496 216.4092 214.7733 212.8848 211.1641 209.5143 207.6129 205.4194 202.9598 200.6323 198.8532 197.3784 196.0809 195.0874 194.5758 194.379 194.4414 194.896 195.8002 197.1415 198.2936 199.0381 199.0947 198.4778 197.2163 195.3905 193.786 192.4108 191.1238 190.0174 189.1556 188.4836 187.9527 187.4894 186.8902 186.2561 185.6409 185.0646 184.5545 183.9612 183.2721 182.5001 181.6197 180.7531 179.9872 179.2255 178.5365 177.9596 177.5024 177.0926 176.6709 176.1961 175.6416 174.982 174.178 173.3433 172.5922 172.1507 171.6699 171.1222 170.4853 169.7814
219.3947 218.1631 216.8334 215.0422 213.181 211.5711 209.9161 208.1163 206.0827 203.5581 201.0722 199.1413 197.4781 196.0867 194.9985 194.3187 193.9871 193.9689 194.3107 195.0428 196.1555 197.3248 198.2119 198.5475 198.2087 197.1699 195.4307 193.8708 192.4684 191.1635 190.0229 189.1161 188.3951 187.8326 187.4023 186.7244 186.0297 185.4051 184.9296 184.3604 183.7682 183.1413 182.4485 181.5118 180.5895 179.8664 179.0676 178.3604 177.8105 177.4718 177.0629 176.6443 176.1828 175.6407 174.9812 174.1569 173.2939 172.5181 171.9737 171.4647 170.9145 170.2798 169.473
219.7784 218.4834 217.0732 215.2627 213.5489 211.9676 210.2224 208.5135 206.6242 204.2094 201.6664 199.5702 197.6741 196.2002 194.9974 194.1853 193.7484 193.6534 193.8913 194.4477 195.2729 196.336 197.395 197.9857 197.8818 197.0253 195.4047 193.9066 192.505 191.1936 190.0258 189.0721 188.2684 187.576 187.0717 186.4334 185.7446 185.0884 184.6428 184.1198 183.5415 182.9301 182.2882 181.2748 180.2378 179.5173 178.7894 178.111 177.5507 177.2725 176.9538 176.5854 176.1548 175.6331 174.9834 174.161 173.295 172.5063 171.8846 171.3187 170.7193 170.0147 169.0327
219.9923 218.6614 217.1972 215.4194 213.803 212.1953 210.4284 208.8029 206.9702 204.6555 202.1715 199.8884 197.8787 196.3886 195.0417 194.1311 193.6156 193.45 193.6045 194.0414 194.6893 195.4659 196.5773 197.3638 197.4042 196.6254 195.2578 193.8748 192.5154 191.2136 190.0393 189.0719 188.2387 187.5025 186.8655 186.2056 185.5626 185 184.4731 183.9091 183.2926 182.6091 181.9345 181.0204 180.0633 179.2874 178.5712 177.9562 177.5027 177.1794 176.8667 176.5223 176.1176 175.6185 174.9844 174.1698 173.3042 172.5055 171.8506 171.2484 170.6078 169.8999 168.8158
220.1885 218.8512 217.3754 215.6791 214.0999 212.4221 210.6743 209.0724 207.1904 204.9069 202.4828 200.1699 198.1327 196.5393 195.0984 194.1355 193.5542 193.307 193.3717 193.7209 194.2963 194.9538 195.8364 196.5379 196.6649 196.1234 195.0499 193.7631 192.4716 191.1961 190.0515 189.0978 188.2604 187.4926 186.7495 186.0238 185.3813 184.9184 184.3286 183.7313 183.1245 182.4856 181.7089 180.832 179.9805 179.1447 178.3935 177.8053 177.471 177.1118 176.787 176.4549 176.0721 175.5971 174.9833 174.1767 173.3102 172.5079 171.8674 171.2743 170.6395 169.8829 168.7483
220.5248 219.2109 217.7654 216.2298 214.5764 212.7817 211.1098 209.4319 207.3942 205.1088 202.7949 200.5887 198.622 196.9045 195.2735 194.2364 193.554 193.1725 193.0789 193.2383 193.5761 194.2055 195.009 195.6822 195.8829 195.5632 194.7222 193.4737 192.278 191.0649 190.0198 189.0994 188.2746 187.4939 186.6715 185.8499 185.0998 184.6262 184.0865 183.5047 182.9142 182.3374 181.4708 180.5847 179.8404 178.982 178.1967 177.5585 177.2557 176.9661 176.6772 176.3711 176.0148 175.5678 174.9816 174.1909 173.3279 172.524 171.9361 171.3548 170.6989 169.8943 168.762
220.9754 219.7088 218.3044 216.8154 214.9992 213.1598 211.5126 209.7004 207.5697 205.3424 203.2274 201.1848 199.1679 197.2636 195.536 194.4434 193.6032 193.0285 192.7155 192.5524 192.702 193.3258 194.1107 194.8098 195.0542 194.8967 194.1219 192.9255 191.8259 190.7325 189.8665 189.002 188.2174 187.4755 186.6194 185.7751 185.0243 184.4496 183.8716 183.2567 182.5965 181.9676 181.1147 180.1914 179.5 178.7596 178.0651 177.5052 177.149 176.8518 176.5715 176.2813 175.9481 175.5315 174.9832 174.2345 173.4048 172.6155 172.1038 171.5004 170.7932 169.9496 168.8989
221.2149 219.9581 218.6096 217.121 215.2907 213.5654 211.9007 209.914 207.7301 205.5916 203.641 201.7386 199.6448 197.5843 195.8754 194.714 193.6519 192.8792 192.4534 192.1292 192.1283 192.5269 193.1661 193.8136 194.188 194.1736 193.6092 192.5946 191.4592 190.2951 189.4987 188.7412 188.0106 187.3495 186.4961 185.6879 184.9981 184.3439 183.715 183.1027 182.4875 181.7547 180.906 180.0391 179.2969 178.5855 177.9658 177.4997 177.1063 176.7753 176.4823 176.1949 175.8771 175.4897 174.9895 174.3208 173.5893 172.9153 172.4023 171.7094 170.9567 170.1205 169.2573
221.3113 220.0326 218.7158 217.2361 215.4409 213.7942 212.0878 210.0144 207.8346 205.8014 203.8788 201.9936 199.8362 197.6702 195.9015 194.6908 193.5387 192.6138 192.0823 191.709 191.5856 191.7714 192.221 192.831 193.3438 193.5477 193.2517 192.4668 191.3296 190.1334 189.2589 188.447 187.6348 186.9737 186.2068 185.4688 184.8908 184.1916 183.5256 182.9141 182.3701 181.5797 180.756 179.9777 179.1719 178.4233 177.8235 177.4628 177.0494 176.7006 176.4011 176.1159 175.8087 175.4452 174.9923 174.4058 173.7415 173.0834 172.4893 171.8509 171.1838 170.4833 169.755
221.3632 220.0454 218.7441 217.3004 215.5759 213.9599 212.1737 210.0047 207.7423 205.6557 203.8564 202.0157 199.8272 197.5756 195.6719 194.4624 193.401 192.4988 191.8315 191.3456 191.0682 191.0303 191.2557 191.8465 192.4942 192.9456 192.9053 192.3368 191.2776 190.1164 189.2007 188.3447 187.5038 186.7328 185.922 185.122 184.5507 183.9157 183.2585 182.5975 182.0247 181.2799 180.507 179.8475 179.0164 178.2263 177.5655 177.2332 176.9075 176.6027 176.3236 176.0509 175.7556 175.4096 174.9944 174.4987 173.873 173.1842 172.5162 171.9634 171.3944 170.7742 170.0768
221.3821 220.0427 218.7572 217.3808 215.8115 214.256 212.2984 210.0382 207.7422 205.6403 203.8639 202.0022 199.7939 197.5417 195.6519 194.4461 193.3885 192.4647 191.6763 191.0628 190.6291 190.3725 190.2987 190.843 191.5276 192.1782 192.3017 191.8537 191.0763 190.103 189.2337 188.3647 187.494 186.6573 185.8179 185.0096 184.337 183.6907 183.0739 182.4843 181.7898 180.9809 180.1442 179.5171 178.8041 178.0979 177.5033 177.1224 176.8137 176.5364 176.2768 176.0192 175.7403 175.4148 175.028 174.6592 174.0559 173.3402 172.6209 172.1425 171.6328 171.0706 170.451
221.3703 220.0278 218.7354 217.3655 215.8186 214.3171 212.3871 210.1969 208.0077 205.9596 204.1011 202.0954 199.8384 197.6487 195.9134 194.6786 193.4977 192.4671 191.579 190.8632 190.3141 189.9435 189.6867 189.891 190.3068 190.8851 191.1085 190.95 190.6363 189.9921 189.2379 188.3998 187.5218 186.6796 185.8265 184.9886 184.2114 183.4998 182.8796 182.3782 181.6313 180.8206 180.0193 179.3429 178.6695 178.031 177.4966 177.0992 176.7884 176.5215 176.275 176.0332 175.7821 175.5136 175.2319 174.9354 174.3068 173.6247 172.9889 172.4439 171.8998 171.3279 170.6923
221.3345 220.0074 218.6932 217.2741 215.6352 214.2238 212.5314 210.5925 208.6632 206.7357 204.6549 202.3799 200.0111 197.8431 196.1802 194.8671 193.6246 192.4886 191.5338 190.731 190.0324 189.4367 188.9489 188.7825 188.9469 189.3688 189.601 189.6416 189.7791 189.5339 189.0433 188.3463 187.5453 186.7484 185.8843 184.991 184.1247 183.3152 182.5881 182.072 181.4313 180.7163 179.9897 179.2859 178.6124 178.0002 177.4974 177.1188 176.8188 176.5573 176.3139 176.0771 175.8373 175.5872 175.3179 174.9888 174.4381 173.8293 173.1982 172.5818 172.1249 171.5726 170.9145
221.2899 220.002 218.6978 217.2896 215.6949 214.4004 212.9358 211.2751 209.4698 207.5455 205.3535 202.8997 200.4348 198.2706 196.6016 195.1809 193.89 192.6165 191.6105 190.7395 189.9205 189.0257 188.1736 187.5499 187.3192 187.4635 187.8061 188.1929 188.4538 188.5969 188.5349 188.1216 187.5425 186.835 185.9632 185.0098 184.0973 183.2504 182.5029 181.9079 181.3008 180.6549 179.9849 179.2786 178.6001 177.9911 177.4994 177.1726 176.8954 176.6352 176.3849 176.1396 175.8915 175.6299 175.3396 174.9969 174.567 174.0387 173.4556 172.8894 172.4336 171.8839 171.2706
221.2587 220.0134 218.7525 217.4339 216.0436 214.7993 213.4514 212.0026 210.2944 208.4682 206.3113 203.7756 201.2697 199.1305 197.356 195.84 194.4623 193.0032 191.8906 190.8993 189.9168 188.7878 187.5556 186.4162 185.6287 185.3309 185.383 185.8016 186.4406 187.0959 187.5729 187.6292 187.4618 186.8847 186.0325 185.0384 184.1181 183.2633 182.497 181.8594 181.2515 180.6303 179.986 179.2906 178.6205 178.0188 177.5284 177.2845 177.0175 176.7434 176.4761 176.2153 175.9531 175.6762 175.3683 175.0208 174.7281 174.2638 173.7042 173.1214 172.5715 172.1503 171.6188
221.1773 219.9842 218.7662 217.5264 216.2578 215.0231 213.759 212.4364 210.9392 209.273 207.1624 204.7934 202.4174 200.212 198.2769 196.6584 195.1657 193.7046 192.3991 191.2475 190.119 188.8938 187.3934 185.8064 184.6225 183.6497 183.0541 183.114 183.8802 185.0376 186.2388 186.9057 187.0294 186.7519 186.0396 185.0656 184.1844 183.3465 182.5562 181.9044 181.2755 180.6393 179.99 179.3113 178.6736 178.1259 177.7162 177.4829 177.1607 176.8544 176.5688 176.2964 176.0282 175.7554 175.4758 175.2044 174.9672 174.4995 173.9533 173.3871 172.8665 172.4478 171.8952
220.9113 219.8031 218.6432 217.5016 216.294 215.0605 213.8059 212.5535 211.2088 209.667 207.6906 205.608 203.4872 201.3323 199.3567 197.5924 196.0299 194.4818 192.9574 191.75 190.6138 189.4108 187.7973 186.0806 184.4039 182.6855 181.4202 180.9685 181.5371 182.783 184.2662 185.3736 186.1144 186.3854 185.9709 185.0894 184.3074 183.5354 182.7718 182.0629 181.3701 180.6795 179.9956 179.3246 178.714 178.1983 177.7989 177.5022 177.2088 176.9196 176.64 176.369 176.1024 175.8344 175.5619 175.2862 174.9997 174.6306 174.1387 173.5784 173.0214 172.5093 171.9996
220.3847 219.3445 218.2911 217.2904 216.1299 214.9149 213.5925 212.4 211.1436 209.7245 207.9072 206.1164 204.2483 202.1293 200.0741 198.3291 196.7838 195.1014 193.5741 192.2965 191.1362 189.9657 188.5064 186.7359 184.6626 182.4983 180.8028 180.365 180.3232 180.9802 182.3017 183.692 184.9102 185.7009 185.8022 185.0983 184.465 183.7741 183.03 182.2703 181.5029 180.7386 180.0016 179.325 178.7287 178.2278 177.8249 177.5013 177.2221 176.9536 176.6894 176.4282 176.1685 175.906 175.6342 175.3427 175.0208 174.7589 174.2919 173.7055 173.0924 172.5147 172.0308
220.0165 218.8885 217.7818 216.807 215.7171 214.5364 213.1054 211.9682 210.7944 209.5175 207.8744 206.2929 204.5635 202.4671 200.4006 198.7424 197.2271 195.5705 194.063 192.6701 191.5753 190.5215 189.2571 187.4513 185.287 182.9834 181.115 180.0601 179.6055 179.744 180.5806 181.9841 183.5011 184.7867 185.4233 185.0628 184.6151 184.0017 183.272 182.4747 181.6407 180.8029 180.0077 179.3165 178.7252 178.2318 177.8292 177.5007 177.2271 176.973 176.7234 176.4741 176.2242 175.9729 175.719 175.4641 175.2146 174.9688 174.4317 173.7851 173.124 172.5148 172.0392
219.6273 218.4495 217.375 216.31 215.1791 213.9905 212.6893 211.5235 210.304 209.0725 207.6682 206.2477 204.6238 202.571 200.5575 199.0414 197.6333 196.1629 194.6037 193.0656 191.9821 190.9791 189.8019 188.1936 186.22 183.9019 181.8463 180.3074 179.3537 178.849 179.1114 180.2093 181.869 183.5006 184.6677 184.9472 184.6606 184.1255 183.4313 182.6286 181.7551 180.86 180.0135 179.3063 178.7154 178.2261 177.8261 177.5003 177.2301 176.9855 176.7471 176.507 176.2637 176.0181 175.772 175.5293 175.2886 175.0008 174.4481 173.7802 173.113 172.5144 172.0464
218.9643 217.8407 216.8377 215.7821 214.6783 213.4704 212.3247 211.16 209.9489 208.6443 207.3896 206.0737 204.5787 202.6386 200.7764 199.4113 198.122 196.7612 195.0792 193.5843 192.4265 191.409 190.2611 188.8719 187.0611 184.8934 182.7906 180.9902 179.5013 178.2469 177.8181 178.4789 180.0529 181.9176 183.4368 184.2085 184.3195 184.0092 183.4371 182.693 181.8253 180.9012 180.0192 179.3018 178.7112 178.2229 177.8229 177.4998 177.2327 176.9954 176.7648 176.5288 176.2843 176.0317 175.7713 175.504 175.2325 174.9492 174.3491 173.6738 173.0422 172.5122 172.0558
218.3269 217.3556 216.3212 215.1893 213.9646 212.7865 211.7694 210.6932 209.5154 208.1084 206.9497 205.7477 204.4346 202.7154 201.1326 199.8185 198.5078 197.098 195.3891 193.9962 192.8127 191.8747 190.8143 189.5415 187.8114 185.8177 183.7577 181.711 179.663 177.8503 177.0051 177.1821 178.358 180.2287 182.0781 183.2343 183.7155 183.668 183.2749 182.6573 181.8446 180.9229 180.0255 179.3111 178.7247 178.2336 177.8253 177.499 177.2383 177.0097 176.7838 176.5458 176.2915 176.0206 175.7301 175.4081 175.0318 174.6676 174.0866 173.439 172.8683 172.4652 172.007
217.6195 216.7238 215.761 214.6762 213.259 212.1492 211.1497 210.0771 208.8763 207.6445 206.4983 205.3091 204.1177 202.686 201.3289 200.0393 198.7445 197.3168 195.6884 194.4458 193.3315 192.3513 191.2409 189.9865 188.4659 186.6959 184.5562 182.2236 179.8439 177.7315 176.4604 176.1044 176.8913 178.5941 180.6203 182.0964 182.917 183.147 182.9482 182.5301 181.8102 180.9199 180.0331 179.3436 178.771 178.2742 177.844 177.4979 177.2581 177.0418 176.8158 176.5681 176.2956 176.0007 175.6882 175.3599 174.9917 174.4566 173.797 173.1305 172.567 172.2204 171.8177
216.817 215.9436 215.0158 213.9988 212.5842 211.3979 210.3661 209.2896 208.0519 207.074 205.9995 204.9433 203.8458 202.6254 201.4094 200.1512 198.8948 197.5163 196.0679 194.8461 193.6617 192.5583 191.3967 190.1488 188.7464 187.0714 184.9135 182.4812 179.9892 177.7357 176.1254 175.2039 175.5189 176.8862 178.8024 180.6667 181.864 182.4069 182.4377 182.3347 181.6904 180.8687 180.039 179.4076 178.8664 178.37 177.9109 177.5175 177.324 177.1121 176.8741 176.6057 176.3035 175.9699 175.6152 175.2601 174.9152 174.2503 173.5195 172.8713 172.4608 172.0484 171.603
215.8383 214.8895 213.8396 212.6832 211.3714 210.1679 209.1075 207.9255 206.8539 206.0026 205.1278 204.2842 203.3803 202.3921 201.2998 200.1193 198.8741 197.5154 196.0963 194.8624 193.6446 192.5145 191.2603 190.0344 188.5995 186.9329 184.8411 182.4878 180.0804 177.8797 176.2049 174.9944 174.6527 175.2713 176.7765 178.7051 180.3958 181.3566 181.8586 181.6523 181.3031 180.707 180.0326 179.5028 179.0173 178.5444 178.0941 177.7159 177.4863 177.2275 176.9623 176.6661 176.3268 175.9412 175.5096 175.0385 174.6138 173.9731 173.2381 172.5659 172.2515 171.8867 171.4147
