hill3.asc
ncols         372
nrows         178
xllcorner     551666.95216744
yllcorner     145703.09962349
cellsize      10
NODATA_value  -9999
[rows 56 to 83 of 178, columns 252 to 314 of 372]
217.3051 218.8569 220.124 221.2967 222.4826 223.6648 224.7771 225.7188 226.6478 227.5045 228.2895 228.9889 229.9076 230.4766 230.8118 230.948 230.9163 230.7414 230.4368 229.997 229.3964 228.7588 228.2306 227.817 227.5127 227.3293 227.0698 226.7692 226.4525 226.1242 225.7802 225.4184 225.0326 224.7228 224.2897 223.7347 223.0591 222.2714 221.1377 219.9094 218.545 217.1968 215.7989 214.9966 214.794 214.9455 215.0483 215.3673 216.1488 217.103 217.9261 218.6868 219.4489 220.306 221.3518 222.2854 222.834 223.1538 223.3182 223.3539 223.287 223.1464 222.9603
216.9308 218.3524 219.6818 220.879 222.1078 223.1722 224.2277 225.2485 226.3251 227.3046 228.02 228.7606 229.705 230.3342 230.7119 230.8564 230.8244 230.6561 230.38 229.9928 229.3897 228.7618 228.2925 227.93 227.6638 227.4897 227.1929 226.8809 226.5597 226.2356 225.9017 225.562 225.2368 224.9732 224.5695 224.0317 223.3368 222.4531 221.2833 220.0097 218.6817 217.3445 215.9857 215.023 214.5969 214.5115 214.5351 214.7448 215.2284 216.1084 217.1097 217.9873 218.8422 219.8085 220.7699 221.7025 222.4409 222.8958 223.1787 223.2993 223.29 223.1881 223.0289
216.4693 217.7464 219.008 220.214 221.4015 222.506 223.6347 224.8724 225.9546 226.8914 227.5953 228.2489 229.0807 229.985 230.4948 230.6714 230.655 230.4975 230.2475 229.9526 229.3618 228.7624 228.3653 228.0314 227.7439 227.5004 227.2302 226.938 226.6341 226.3169 225.9963 225.671 225.3455 225.0236 224.7503 224.2607 223.5553 222.6044 221.4049 220.0795 218.752 217.4068 216.0699 215.0207 214.4644 214.2665 214.2831 214.4953 214.8913 215.2942 216.1665 217.2248 218.1951 219.1628 220.08 221.0061 221.8997 222.5555 222.9879 223.1954 223.2419 223.1794 223.055
216.1983 217.3616 218.46 219.7028 220.7777 221.8841 223.0242 224.4551 225.5491 226.5031 227.2777 227.722 228.5869 229.6372 230.2206 230.401 230.4252 230.2861 230.019 229.7606 229.2961 228.7849 228.4898 228.1523 227.808 227.4991 227.2531 226.9857 226.6928 226.3904 226.0822 225.7778 225.4846 225.2148 224.9716 224.4826 223.8215 222.96 221.8622 220.3172 218.9135 217.5109 216.1727 215.0405 214.4158 214.1618 214.1624 214.3398 214.5858 214.8082 215.3721 216.4387 217.5538 218.5659 219.4866 220.3759 221.446 222.3407 222.8068 223.0516 223.1391 223.109 223.0166
216.0762 217.1227 218.0696 219.3597 220.4082 221.5757 222.6932 224.0163 225.1181 226.0604 226.7701 227.2499 227.9003 228.971 229.8099 230.0327 230.1899 230.1476 229.9947 229.7214 229.3524 228.9798 228.7157 228.3167 227.8999 227.5188 227.3207 227.0572 226.7626 226.4625 226.166 225.8721 225.5822 225.299 225.0022 224.5923 224.0161 223.2296 222.1654 220.6185 219.2289 217.7829 216.4341 215.1631 214.4771 214.1532 214.0915 214.2043 214.2884 214.4806 214.9789 215.882 217.0677 218.0931 219.0828 220.0571 221.06 221.9256 222.4923 222.8167 222.9664 222.9673 222.9045
216.15 217.3105 218.3881 219.6589 220.7122 221.7858 222.7526 223.9185 224.9646 225.8076 226.464 226.9922 227.6169 228.5821 229.2884 229.7013 229.9877 230.0012 229.919 229.7169 229.4328 229.1114 228.7764 228.4627 228.0636 227.707 227.4847 227.1585 226.8422 226.5455 226.2567 225.9675 225.6635 225.3405 225.001 224.6576 224.1421 223.4003 222.392 221.045 219.7124 218.2859 216.928 215.4787 214.6751 214.2036 213.9899 213.9582 213.972 214.1726 214.6044 215.3075 216.4272 217.5766 218.6926 219.7723 220.668 221.4765 222.0893 222.5028 222.7375 222.7598 222.7244
216.2322 217.4608 218.6645 219.9339 221.1023 222.2368 223.1083 224.0615 224.9742 225.7172 226.3449 226.909 227.5188 228.2534 228.8402 229.3406 229.7088 229.868 229.8749 229.7566 229.5676 229.3338 229.0469 228.7043 228.2367 227.8173 227.4983 227.1987 226.9124 226.6461 226.3787 226.0981 225.7803 225.4203 225.0309 224.7536 224.243 223.491 222.4961 221.2709 219.9706 218.6072 217.2835 215.9046 214.9439 214.2646 213.8622 213.6767 213.6529 213.9157 214.354 214.9902 215.8802 217.0593 218.1869 219.2662 220.1715 220.991 221.6373 222.1342 222.4717 222.5039 222.5042
216.2716 217.529 218.7892 220.0513 221.2695 222.411 223.2795 224.1577 224.9996 225.6821 226.2996 226.8904 227.5011 228.0988 228.6776 229.0877 229.5089 229.7963 229.8933 229.8483 229.7561 229.624 229.3718 228.863 228.3944 227.9059 227.4947 227.2625 227.0199 226.7983 226.569 226.2967 225.9756 225.6238 225.2735 224.9548 224.346 223.5356 222.5195 221.3233 220.0143 218.6555 217.3576 216.0285 215.0047 214.222 213.7059 213.4379 213.4124 213.7087 214.1085 214.6302 215.2071 216.2869 217.5614 218.7469 219.7776 220.5251 221.1383 221.6671 222.0589 222.2467 222.3677
216.2762 217.5368 218.7828 220.0123 221.175 222.2927 223.1603 224.08 224.9721 225.6315 226.2191 226.8057 227.4122 227.865 228.3688 228.8121 229.3872 229.8266 229.9998 230.0043 230.006 230.0068 229.9101 229.3978 228.7794 228.1399 227.5667 227.4753 227.2369 227.0214 226.8256 226.5483 226.204 225.8241 225.4267 224.9893 224.3595 223.5316 222.4977 221.2702 219.8965 218.4367 217.1305 215.8184 214.8582 214.0543 213.5034 213.2005 213.1508 213.4554 213.7184 214.1067 214.6573 215.5882 217.0025 218.1894 219.2151 219.989 220.5989 221.1883 221.6615 221.9793 222.2047
216.2374 217.4671 218.6208 219.7803 220.7965 221.8285 222.7413 223.7696 224.7779 225.4354 226.0066 226.5515 227.067 227.5546 228.1605 228.7537 229.4097 229.9695 230.1937 230.2823 230.3456 230.383 230.3047 229.947 229.3427 228.6577 228.1033 227.801 227.5034 227.2742 227.1337 226.8254 226.4334 225.9975 225.5242 224.9959 224.3521 223.5188 222.4628 221.1769 219.6803 218.0213 216.6266 215.3253 214.4559 213.764 213.2658 212.968 212.8657 212.9713 213.2167 213.5918 214.2158 215.179 216.4908 217.6827 218.7304 219.5262 220.1283 220.8028 221.3423 221.7352 222.0258
216.0822 217.2385 218.246 219.3066 220.2802 221.3573 222.356 223.2931 224.2883 225.0711 225.7166 226.3155 226.9062 227.4933 228.1149 228.7528 229.4209 229.9948 230.3219 230.5091 230.6305 230.6901 230.63 230.3642 229.873 229.121 228.6923 228.2537 227.8483 227.5294 227.4592 227.0809 226.6461 226.164 225.6185 225.0103 224.3831 223.5475 222.4715 221.155 219.6261 217.8449 216.3646 215.0801 214.1859 213.5276 213.0656 212.7743 212.6094 212.5195 212.7608 213.107 213.8298 214.9304 216.1892 217.4276 218.4522 219.306 220.009 220.636 221.1401 221.5323 221.8389
215.7265 216.7731 217.7781 218.939 220.0145 221.022 221.9338 222.7723 223.8366 224.7939 225.4588 226.1381 226.8234 227.492 228.1246 228.7589 229.4201 229.9973 230.3945 230.6577 230.8295 230.9152 230.8852 230.6994 230.3521 229.8726 229.3567 228.7818 228.2808 227.8563 227.5332 227.2272 226.8454 226.3742 225.7949 225.1215 224.526 223.64 222.5011 221.1602 219.6434 217.8528 216.3524 215.0355 214.0755 213.3925 212.9331 212.6503 212.4849 212.2809 212.4464 212.6126 213.3616 214.5756 215.8298 217.1353 218.1798 219.1422 219.9728 220.545 220.9819 221.3409 221.6385
215.2849 216.4207 217.5701 218.8013 219.9437 220.8806 221.7214 222.5451 223.4765 224.384 225.136 225.9585 226.7537 227.4946 228.1375 228.7647 229.4203 229.9979 230.4322 230.7409 230.9483 231.0591 231.0583 230.9281 230.6689 230.3088 229.8889 229.2984 228.7581 228.2879 227.8814 227.5124 227.1376 226.6947 226.141 225.5044 224.8282 223.7737 222.5174 221.1336 219.6862 217.9967 216.5369 215.1143 214.0662 213.3247 212.8314 212.5096 212.2493 212.0172 212.0245 212.1947 212.7896 213.9353 215.2155 216.5462 217.7207 218.8396 219.8103 220.3646 220.7683 221.1173 221.4146
215.104 216.2968 217.5266 218.7668 219.9141 220.7665 221.5471 222.3644 223.159 224.0726 224.9782 225.826 226.6751 227.4783 228.121 228.7678 229.4265 230.0003 230.4473 230.7747 231.001 231.1309 231.154 231.0568 230.835 230.4933 230.0516 229.6464 229.206 228.7515 228.3233 227.9245 227.5127 227.0729 226.4984 225.797 224.951 223.7896 222.44 220.9817 219.678 218.2413 216.8647 215.2608 214.0986 213.2802 212.7469 212.4512 212.0394 211.7263 211.6519 211.8357 212.4047 213.3526 214.6191 215.9407 217.2395 218.3472 219.3139 219.9832 220.4434 220.8457 221.1704
215.0372 216.2701 217.505 218.655 219.7474 220.4955 221.1948 221.9427 222.7174 223.7108 224.7498 225.5965 226.4921 227.3598 228.0045 228.7491 229.4297 230.0047 230.4434 230.7672 230.9995 231.1446 231.1918 231.1284 230.9502 230.6697 230.3246 229.9958 229.6291 229.1911 228.7564 228.3499 227.9025 227.433 226.8008 225.9915 224.9808 223.7134 222.2623 220.64 219.4597 218.2813 217.0004 215.3345 214.104 213.2029 212.5492 212.1534 211.7366 211.4062 211.2796 211.4202 211.8783 212.6589 213.8345 215.2349 216.6018 217.7428 218.7551 219.5278 220.0777 220.5692 220.9276
214.9545 216.1857 217.3837 218.309 219.2471 220.0038 220.6993 221.4815 222.3442 223.259 224.2753 225.1943 226.1572 227.0134 227.723 228.6731 229.3936 229.9999 230.4056 230.7112 230.9469 231.1099 231.1866 231.1626 231.0341 230.8149 230.5402 230.2574 229.9608 229.5349 229.1082 228.6909 228.1712 227.5982 227.0226 226.133 224.9889 223.6366 222.1427 220.4615 219.3178 218.2579 217.0308 215.3538 214.1024 213.1793 212.4968 211.946 211.4575 211.0903 210.9248 211.0184 211.4054 212.1032 213.1635 214.724 216.1103 217.3089 218.2799 219.1528 219.8858 220.35 220.6936
214.6972 215.8999 217.0932 217.8166 218.7228 219.4937 220.1667 220.9585 221.809 222.7371 223.8614 224.9682 225.9325 226.8054 227.6074 228.5727 229.2484 229.919 230.2838 230.5874 230.8412 231.0337 231.1476 231.1678 231.0882 230.9174 230.6751 230.3789 230.0283 229.7236 229.3246 228.8262 228.4176 227.922 227.3243 226.2908 225.0222 223.63 222.1201 220.4409 219.315 218.2767 217.0422 215.3571 214.0886 213.1475 212.4642 211.7843 211.2066 210.7915 210.5934 210.6585 211.025 211.7173 212.7833 214.3126 215.6294 216.7873 217.7432 218.6676 219.4361 219.9916 220.3887
214.1857 215.3865 216.6306 217.5493 218.4028 219.1592 219.8715 220.5219 221.321 222.3381 223.504 224.7878 225.7799 226.6779 227.5224 228.3114 228.8918 229.5858 230.0345 230.4006 230.6937 230.9259 231.0841 231.152 231.1223 231 230.8006 230.545 230.2596 229.9955 229.653 229.196 228.7438 228.1901 227.4652 226.4047 225.0735 223.6823 222.198 220.5933 219.4855 218.3985 217.0914 215.3858 214.0641 213.027 212.3342 211.5709 210.9429 210.5012 210.2826 210.3255 210.6841 211.3668 212.3959 213.7094 215.0709 216.2864 217.3268 218.1667 218.9012 219.5128 219.9963
213.8806 215.1353 216.3962 217.433 218.1787 218.8311 219.4379 220.0173 220.7564 221.7945 222.9995 224.4354 225.4939 226.4781 227.4413 228.1785 228.7865 229.4354 229.9582 230.2488 230.5397 230.8022 231.0044 231.1216 231.1423 231.0695 230.9175 230.7081 230.4699 230.2314 229.9627 229.534 229.0533 228.4474 227.6372 226.6116 225.217 223.8344 222.393 220.9781 219.8371 218.6512 217.2334 215.5213 214.0997 212.7906 211.9693 211.2477 210.6542 210.226 210.0002 210.0068 210.336 210.953 211.8643 213.0303 214.4767 215.6983 216.7263 217.5467 218.2713 218.9313 219.5047
213.7051 215.0151 216.244 217.2919 217.9301 218.5211 219.0677 219.5953 220.2441 221.3325 222.5663 223.8533 224.981 226.0612 227.1986 227.9945 228.6903 229.2623 229.7294 230.0282 230.365 230.6683 230.9142 231.0791 231.1492 231.1246 231.0166 230.8424 230.6182 230.3497 230.0253 229.7466 229.3311 228.7615 228.0082 227.025 225.5278 224.1028 222.6008 221.2917 220.1473 218.9835 217.4915 215.8672 214.3645 212.7783 211.7483 210.9887 210.4191 210.0166 209.7827 209.7469 209.9922 210.5058 211.3118 212.4019 213.7075 215.0008 216.0681 216.9045 217.5907 218.2639 218.8842
213.459 214.8346 215.9815 216.9394 217.6037 218.2656 218.8429 219.3981 220.0636 221.0615 222.2177 223.296 224.3868 225.4476 226.6661 227.6053 228.3697 228.994 229.5253 229.9624 230.2358 230.543 230.8211 231.0274 231.1428 231.1642 231.0996 230.9622 230.7644 230.5153 230.2329 229.9754 229.577 229.0295 228.2957 227.3179 225.9233 224.4563 222.8082 221.5681 220.5156 219.3933 217.7437 216.1108 214.5209 212.803 211.6391 210.8225 210.2654 209.9531 209.6024 209.4619 209.5935 209.9981 210.6814 211.6484 212.8508 214.2444 215.3864 216.2778 216.9715 217.583 218.2103
213.033 214.5114 215.6526 216.6776 217.4982 218.1679 218.7531 219.3354 220.0046 220.8181 221.7807 222.7837 223.9563 225.118 226.3163 227.3262 228.0232 228.6634 229.2303 229.6921 230.0267 230.4044 230.7236 230.9668 231.1223 231.187 231.1663 231.0708 230.9093 230.6817 230.3847 230.0348 229.736 229.2079 228.454 227.4492 226.119 224.6158 222.9151 221.7373 220.7306 219.5744 217.8561 216.2137 214.5825 212.8231 211.6012 210.708 210.043 209.6413 209.287 209.099 209.1506 209.4621 210.0329 210.8859 211.9955 213.2571 214.6216 215.6356 216.3563 216.936 217.5175
212.7242 214.0978 215.2815 216.4674 217.4459 218.1026 218.6715 219.2507 219.901 220.5397 221.416 222.4995 223.7007 224.9299 226.0244 226.9502 227.6349 228.3377 228.9672 229.504 229.9898 230.3341 230.6408 230.9005 231.0874 231.1908 231.2135 231.1656 231.0559 230.8793 230.6159 230.2903 229.9534 229.35 228.5377 227.4911 226.1939 224.6798 222.9871 221.8564 220.8413 219.6239 217.8752 216.2409 214.6205 212.8848 211.6769 210.7352 209.9857 209.4088 208.9661 208.713 208.7053 208.9642 209.4761 210.2268 211.2803 212.4995 213.8226 214.9784 215.6874 216.1842 216.738
212.5893 213.8922 215.1132 216.3131 217.3293 217.9354 218.4793 218.9999 219.5267 220.0837 220.9471 222.1409 223.3593 224.6469 225.7047 226.668 227.4805 228.1398 228.8033 229.4133 229.9561 230.2329 230.5371 230.8194 231.0367 231.1739 231.235 231.2331 231.1826 231.076 230.8379 230.4688 230.0044 229.4248 228.6059 227.5408 226.2897 224.7873 223.1575 222.036 220.9428 219.6358 217.8649 216.2603 214.7034 213.0642 211.8978 210.8709 209.9841 209.2415 208.6767 208.338 208.2785 208.5217 209.0402 209.8074 210.6897 211.7904 213.0397 214.3224 214.9402 215.2732 215.7682
212.4926 213.7525 214.9799 216.0697 216.9795 217.6064 218.1912 218.68 219.1318 219.6279 220.3417 221.4941 222.7385 224.0375 225.1985 226.3011 227.2835 227.9652 228.6278 229.2363 229.7303 230.0275 230.409 230.7336 230.9784 231.1406 231.2286 231.2589 231.2584 231.2478 231.0522 230.6474 230.0923 229.5775 228.7655 227.7046 226.5253 225.0236 223.5368 222.3193 221.0654 219.6454 217.8539 216.2989 214.8534 213.4179 212.2426 211.0588 210.0031 209.113 208.4236 207.9869 207.8676 208.0941 208.5729 209.248 210.0531 211.0771 212.2957 213.3951 214.0561 214.4274 214.7935
212.2268 213.4466 214.6873 215.6941 216.5991 217.373 217.9113 218.3524 218.7657 219.2435 219.9234 220.8865 222.1025 223.3526 224.6153 225.7328 226.7572 227.601 228.3665 229.0361 229.5889 230.0014 230.3713 230.6833 230.9283 231.101 231.2035 231.2453 231.2502 231.3098 231.2399 230.9041 230.4231 229.8911 229.0375 228.036 226.9009 225.2709 223.7997 222.4682 221.1277 219.6443 217.8514 216.3335 214.9459 213.6135 212.4042 211.1602 210.0082 209.0148 208.2222 207.6898 207.5096 207.7284 208.1508 208.7391 209.4675 210.3529 211.4854 212.4951 213.1581 213.4708 213.6731
211.6172 212.8124 214.0207 215.0546 215.9974 216.8461 217.4842 217.957 218.3681 218.8109 219.3832 220.1479 221.2097 222.451 223.7318 224.9702 226.1245 227.2217 228.0557 228.8078 229.4688 229.9981 230.3485 230.6383 230.8779 231.0591 231.1809 231.25 231.2829 231.3221 231.2533 231.0663 230.6174 229.9956 229.1552 228.194 227.0789 225.4274 223.9635 222.5509 221.1716 219.6612 217.8878 216.3956 214.9976 213.6867 212.4496 211.1891 210.0028 208.9591 208.1075 207.5137 207.3412 207.4911 207.8148 208.3234 209.018 209.8845 210.823 211.7202 212.3438 212.5297 212.5907
210.9823 212.1602 213.2722 214.3157 215.2863 216.2261 216.9553 217.4989 217.9405 218.3729 218.8846 219.5277 220.3806 221.5788 222.8705 224.1978 225.4112 226.6331 227.6227 228.4977 229.2809 229.933 230.2571 230.5559 230.8087 231.0047 231.1486 231.2497 231.2952 231.3642 231.3672 231.2311 230.7234 230.0128 229.1612 228.2198 227.1792 225.6173 224.1909 222.6971 221.2938 219.7639 218.0472 216.5672 215.0746 213.7229 212.4531 211.1858 209.999 208.9521 208.0992 207.5012 207.2376 207.2517 207.499 207.9258 208.5667 209.3732 210.207 211.0133 211.5194 211.6922 211.7247
