slope.asc
ncols 245
nrows 237
xllcorner 473595.90283111
yllcorner 226796.12974521
cellsize 30
NODATA_value 0
[rows 112 to 139 of 237, columns 63 to 125 of 245]
26.74989 26.26364 25.30526 23.90985 22.44424 18.62761 15.5952 20.02955 21.48406 21.54634 19.70715 18.50127 17.78069 15.22578 12.9458 13.60442 18.12398 23.16058 24.38115 23.74612 25.96639 25.59413 23.79297 23.70486 23.25173 23.04735 23.22736 21.92208 20.168 19.45223 18.09978 18.1251 18.24372 17.26258 16.99769 16.10313 15.47612 17.04007 19.78946 21.68064 22.51732 22.48417 21.14857 17.75436 13.77914 11.0748 10.87272 12.9439 11.49908 8.935159 11.00033 11.31798 10.2772 11.00681 9.67804 8.559708 8.587195 7.254808 6.063654 5.75452 5.507102 8.265184 9.454346
27.82793 27.5232 26.91854 25.44204 24.89386 23.73442 18.5688 16.90537 20.23693 22.51376 21.08898 18.8467 17.52137 14.90546 13.51282 13.44775 15.33737 20.77275 25.67121 26.82881 28.2823 27.98678 26.55402 26.03124 24.65859 24.62074 25.2781 24.17552 23.07401 22.29136 20.55209 19.51844 19.47859 18.10072 18.10045 17.41635 15.7102 16.73598 20.41397 22.9177 25.20595 26.31542 22.43268 17.91528 14.80314 11.20259 10.64041 12.7901 12.13311 9.638798 12.50229 14.36043 11.92511 11.0992 8.887767 7.447133 7.659608 6.042233 3.743321 4.269931 6.867939 10.53705 12.54663
28.16598 28.32261 27.08191 24.39691 23.34404 23.98629 22.32745 16.91529 17.89574 23.32716 22.70922 19.36889 17.20751 14.5997 14.04314 14.84077 14.75518 16.87248 22.23223 26.14932 29.16963 29.99403 29.59149 30.05842 27.80853 26.67673 27.68709 26.46371 25.39683 24.48983 22.97602 21.49916 20.49411 18.65566 17.91461 17.731 15.73333 15.84103 18.85759 21.94789 26.37899 29.31332 24.90952 19.47504 16.42738 11.62128 10.08509 12.41247 12.46033 10.69933 14.09845 15.08536 11.87073 11.38039 8.398252 6.66038 7.473417 6.085824 3.103159 4.614685 8.25062 12.51723 14.29172
27.27872 28.29997 27.4259 22.94577 20.86908 21.5824 22.82793 20.77595 18.67668 22.36832 22.48322 19.2227 16.37345 14.03001 14.65332 16.63792 15.90528 15.22064 18.58334 22.43303 26.67989 29.08117 29.8657 32.00381 30.96308 29.22153 29.82739 28.61589 27.49134 26.65664 24.81347 23.71957 22.11535 19.71863 17.78346 17.26247 15.77949 15.44553 16.97429 19.15081 25.12767 30.143 26.98593 22.1688 19.35919 13.16941 10.08339 12.4888 12.84267 11.4257 13.80296 13.7845 12.3223 14.18021 12.43211 9.848919 9.269248 7.4796 4.042921 5.542583 9.187307 13.37297 14.18049
25.59892 26.54849 27.17449 22.81471 19.96491 20.30774 21.89204 22.70023 20.73538 19.15948 20.67871 18.03414 15.14126 13.5769 15.18745 17.92352 16.94727 14.86576 17.97848 21.16468 24.57764 26.71361 27.90392 31.20858 32.18152 31.18878 31.92107 30.46461 29.17148 28.95557 26.47645 25.26356 24.02322 21.37922 18.65919 16.99764 15.83657 15.92835 16.55995 16.63401 22.24846 28.6851 27.23498 24.18669 22.46492 15.75956 11.00362 12.67542 12.68773 11.44279 12.4996 12.85921 12.55272 14.69344 14.84094 13.54358 12.4783 8.970817 4.360879 5.566136 9.755772 13.67088 14.41607
23.85665 24.88773 25.88706 22.55223 20.29967 20.51266 21.3164 22.28012 21.95112 18.43373 17.44157 15.64402 14.02101 13.40189 15.37031 18.02547 17.57651 15.99684 16.77397 19.84948 24.24072 27.4783 28.99368 30.98276 32.03897 31.71009 34.04827 32.85877 30.86541 30.80429 28.3816 26.4137 25.7142 23.21365 19.89821 17.33649 15.78605 16.03248 16.81496 15.64398 20.06799 26.47253 25.46488 24.3199 24.41153 18.18564 12.37103 12.66054 12.00099 10.72121 11.48848 12.31032 12.04217 12.77529 13.33614 13.93466 14.86107 11.41685 5.419916 5.868021 10.46748 14.66033 15.47373
23.09898 24.03412 24.97917 22.1729 20.70188 20.35354 20.66157 21.11703 21.49108 20.19664 16.27445 12.89758 12.00813 12.70269 15.11269 17.59664 18.44223 19.95546 16.42804 14.79143 21.40281 28.47354 32.01343 33.134 32.99707 31.51481 34.23365 34.72464 33.25253 32.96333 30.21769 27.97816 26.9034 24.71333 21.04463 17.91685 16.54483 16.58071 16.93567 15.60688 19.31079 25.1876 23.62851 23.2522 24.71381 19.27294 13.3728 12.64621 11.36809 10.08604 10.38237 10.91213 11.50136 11.77464 11.41992 12.344 14.89202 12.98495 6.843843 5.746798 11.35252 15.98703 16.22658
23.27765 23.78336 24.10758 21.88902 20.88398 20.16408 20.1214 20.26198 20.2921 20.40405 18.47762 14.28367 10.20776 11.2059 13.62141 16.36916 18.74272 22.99722 19.40505 11.55974 15.00309 22.16606 27.61379 32.44386 34.22778 32.60996 33.44253 34.26088 34.27763 35.49247 32.10406 30.07258 28.75687 25.92721 22.68326 19.37837 18.33995 17.81886 17.34049 16.37659 19.48792 24.41875 22.66688 22.50192 23.72935 18.77883 13.79031 12.67555 11.20028 9.86316 9.833734 9.75275 10.54879 11.41053 10.93076 10.95316 13.37288 12.72116 7.34642 5.627751 13.09489 16.73077 16.85381
24.08982 24.19267 23.43751 21.2605 20.95185 20.83311 20.75656 20.39503 20.16152 20.03588 19.36133 17.67128 15.01866 12.11083 11.60684 14.15099 17.22337 22.01871 21.3469 16.48114 16.00316 12.45107 12.86674 21.92356 28.90279 31.04992 32.25267 31.8653 32.58612 35.95287 33.35437 31.33868 30.77897 27.16523 24.42505 21.62991 19.96492 19.18887 18.76531 18.03451 19.36635 23.18844 23.0744 22.46203 21.98702 17.50355 13.80753 12.73347 11.02977 9.425371 9.651482 9.271923 9.367519 11.08941 11.34109 10.8495 12.51499 11.33042 6.342787 6.924438 15.32971 17.07098 17.38333
25.51748 24.46866 22.56452 19.91254 19.58896 20.15435 20.54695 20.61869 20.63706 20.56999 20.08674 19.51426 18.89802 16.48865 13.467 13.32601 15.30137 17.76761 19.54322 18.97084 18.80417 13.23106 3.957974 6.709246 15.27365 22.43788 27.76021 26.72614 27.99302 33.57827 32.55759 31.46795 31.44821 27.69444 26.09441 24.06463 21.14164 19.89993 20.33129 19.98892 19.24795 22.53646 24.52243 23.37778 21.58863 17.38321 14.29653 13.01959 10.90049 9.276045 9.371422 8.900216 9.087432 11.2375 12.04435 12.07966 13.23585 9.876815 3.374113 8.999286 16.99399 17.72256 18.17315
26.14448 24.97287 22.56285 19.70956 18.76626 18.604 18.67586 19.19313 19.47098 19.89573 19.41469 18.7076 18.0423 17.01533 15.11902 14.80134 15.97826 15.66968 17.57584 19.34217 17.97551 13.09244 5.575273 4.502524 11.45895 17.46498 24.97833 23.92303 24.64838 30.03276 29.42924 30.04564 30.96514 27.00253 26.74079 26.31302 22.47862 20.33751 21.04389 21.69565 21.07371 23.11392 26.03103 25.13385 23.10034 18.71877 15.19964 14.2194 11.54272 10.13484 10.51198 8.833786 8.7412 11.64077 12.81741 13.24732 13.25888 7.868652 1.578754 10.88312 18.69585 19.1137 18.00339
25.15349 24.63985 23.79051 21.85253 20.35656 19.1489 17.93891 17.48592 17.2765 17.13515 16.42872 15.39158 14.21723 13.19275 12.94545 14.76389 16.99724 17.00807 18.18409 19.82024 18.58426 15.2617 10.66336 11.37618 15.13167 17.13869 23.88757 23.70967 24.29995 28.14311 26.66491 27.52379 29.4327 26.0013 26.00393 26.71726 23.42929 21.69319 21.52738 21.80616 22.19905 23.00831 25.98918 26.05476 24.46979 20.9781 16.46328 15.44555 12.86016 11.43844 11.48124 9.171131 8.881 11.5796 12.89132 12.8874 12.03715 6.778923 2.701333 12.79662 21.59321 19.79545 16.12367
23.98098 22.99905 23.9448 23.34389 22.0221 20.6002 18.78358 17.56101 16.65772 15.6746 15.0235 13.86663 12.207 10.6303 10.75129 14.10434 16.10699 15.4017 16.01558 18.3683 19.68785 18.41344 14.37702 17.12807 23.14147 23.85827 26.0848 26.11257 27.77344 31.43314 27.9025 26.35924 29.4778 26.16318 25.05394 26.40579 23.48199 22.68681 22.57137 21.24789 22.07394 23.20167 24.39985 25.25564 25.43496 23.3703 18.06071 16.01272 13.76563 12.32968 12.04284 9.921923 9.799641 11.00352 11.3304 11.24244 11.00387 7.378251 2.638449 15.17948 23.16996 18.54715 13.89799
23.37388 22.46566 23.50227 23.31743 22.76659 21.57692 20.15349 19.09012 17.98883 17.15166 16.68996 16.07446 14.54417 12.40335 12.14664 14.97545 14.66967 13.07569 14.0557 17.72569 20.88338 18.89143 13.39581 14.96008 23.26705 26.95944 28.74828 27.75834 28.92999 33.75181 31.75204 27.7258 30.96735 28.56827 24.91975 26.08642 23.80161 23.02614 23.55598 21.98232 22.88478 24.2213 23.62079 23.98681 26.04959 25.60934 19.85536 16.15265 13.89559 12.26666 12.62223 11.19037 10.87821 10.1966 8.973679 9.584159 10.4659 8.231413 1.8108 16.71341 23.9742 16.90171 11.89059
23.149 23.54047 23.961 22.97906 22.36327 21.82957 21.06594 20.9508 19.82983 18.9266 18.63938 18.43213 17.57939 15.7243 15.07136 15.87177 14.47416 13.85381 15.45895 18.89744 21.37795 18.91262 13.53263 11.74468 19.3595 25.48521 28.66091 27.82804 28.45066 32.61352 32.26194 29.66641 31.19873 29.79518 26.64281 26.47501 24.03364 23.22813 24.21697 23.27776 24.47025 25.59731 23.98647 23.71403 26.33873 26.30884 21.74677 17.64445 14.87704 12.57401 12.79257 12.52843 12.40373 10.48772 7.92375 8.595057 10.223 8.708875 2.118048 17.62829 23.24099 15.38709 11.77364
23.64253 23.54915 24.47067 23.30169 22.32575 21.63991 20.31764 20.21795 20.02294 19.3917 19.38206 19.16288 18.76735 17.33495 16.61182 16.56519 16.61273 17.7593 18.94516 20.60191 21.22192 18.7091 14.32384 10.59259 16.06044 23.40326 27.77778 28.36073 29.11677 31.94058 31.15572 31.02241 31.72658 28.97607 27.33362 28.12724 25.12883 23.73009 24.66426 23.90903 24.83282 26.0078 24.57623 24.36981 26.48249 26.10073 22.90736 19.67253 16.66603 13.34418 12.38951 13.06479 13.89654 12.00886 8.27594 8.126681 9.963724 8.499549 4.15964 17.24693 20.62795 14.21895 12.3581
24.59018 23.22017 24.36584 24.25698 23.75449 22.72284 19.94097 18.20814 18.14217 18.05913 18.44734 18.99304 19.09773 18.26107 17.7405 18.4466 20.13372 21.06974 20.6027 20.45637 20.0036 17.81118 14.30928 10.0749 14.20778 21.56466 26.3927 27.2975 28.85959 32.13653 30.57733 30.98085 32.18001 28.28327 26.82388 28.94028 26.46651 25.12614 26.0828 24.24129 24.13435 24.8412 24.24607 24.92736 26.35285 25.77817 23.57647 20.76298 17.59162 14.03956 12.27596 12.88674 14.52852 13.34345 9.356011 8.635311 10.08508 8.049998 6.2041 15.61724 17.66248 12.88097 12.34385
24.18455 24.11164 25.18914 25.18222 24.4831 24.00511 21.25064 18.72224 17.04459 15.83322 16.35456 17.3658 18.12037 18.33879 18.9367 20.7329 21.64456 20.686 19.35825 18.8629 18.5634 16.59945 14.07004 11.35682 14.70218 21.35633 26.10567 26.79581 28.09459 32.06473 30.70561 31.13494 33.22684 28.77151 27.45648 30.00136 27.50676 26.49679 27.99716 24.90136 24.00681 24.07924 23.31658 24.92679 26.26258 25.53387 24.47385 22.08985 18.08453 14.18645 12.44933 12.98658 14.38883 13.97501 10.73714 9.574593 10.76864 8.986884 7.235201 13.1838 15.24928 12.6208 12.40655
21.83115 22.717 24.57805 24.628 23.72855 24.02359 22.56308 21.32467 19.49495 16.28633 15.34236 15.73281 16.55481 17.27869 18.33585 20.02278 19.7747 18.65918 18.31244 18.52562 17.94231 16.08613 14.74214 13.13124 14.3608 20.67358 25.96224 27.21698 27.85823 31.7811 30.61902 30.28278 33.85277 29.46974 27.65935 31.70932 29.14418 27.42095 28.84772 25.56706 24.22939 23.95127 22.79869 24.83676 26.26154 25.03387 24.86364 23.4997 18.73228 14.16261 12.7612 13.65249 14.61506 14.68398 12.46892 10.77836 11.31938 9.958787 7.289937 10.99395 13.6324 12.85196 13.01951
22.22463 21.6261 22.831 23.80437 23.47297 23.41356 21.88888 21.66603 22.1512 19.89692 17.87896 16.56597 16.09414 16.72343 16.93511 17.59346 17.71791 17.60203 17.82322 17.74663 16.71503 15.39224 14.75346 13.34541 13.25659 19.26937 24.4384 27.22641 28.11495 31.22263 30.06474 28.40814 33.2108 30.74308 27.07166 32.00759 30.89443 28.66422 29.61174 26.09248 24.16279 23.70103 22.17727 24.90794 26.2507 23.98673 24.55665 24.39714 19.68713 14.75574 13.33051 14.50167 16.47423 16.98173 14.94853 12.16179 11.26073 9.249102 5.807973 9.479362 12.93879 14.01197 14.47362
22.98134 21.85125 21.81563 23.16814 23.78736 23.53454 20.96485 20.18377 21.69501 21.61028 21.41266 20.22738 18.59132 18.36105 17.7263 17.38138 16.89253 16.27859 15.75444 15.34211 14.64565 14.06757 14.30955 12.90105 12.63837 18.22554 22.84344 26.15162 28.61391 31.0025 29.35148 27.75482 32.09773 31.24498 27.67581 31.5122 31.10705 30.18361 31.31275 26.58486 24.12933 23.54628 21.80758 25.1276 25.93298 22.34064 23.73514 24.89121 20.84122 16.73387 14.89052 14.87049 16.67884 18.47163 17.5476 14.35529 12.11267 9.168368 4.650328 8.428493 13.60537 16.20758 15.15007
17.55134 17.81384 18.33492 19.70429 21.92138 24.13182 21.64937 20.05117 20.94017 20.74767 21.66532 22.39009 21.19736 20.05987 18.45943 17.12087 15.67426 14.32178 13.86614 14.0518 13.98832 13.91844 13.69683 11.91445 11.48746 17.47857 22.16672 24.677 27.49399 30.63551 29.72205 28.23249 32.1169 31.80975 28.81547 31.54953 31.04231 31.02419 32.59885 27.12604 24.61122 23.79311 21.02063 24.47847 25.31702 21.25613 22.68645 24.77146 21.62193 17.98137 15.65283 14.41595 14.95565 16.78656 17.83266 16.62916 13.85057 10.15733 4.753944 8.038224 14.70719 17.1144 15.14134
11.83951 13.33353 13.85237 14.5362 17.15305 22.15509 22.23393 20.68289 21.02552 20.07784 20.17069 20.93401 20.28264 19.46176 17.91787 16.20397 14.85492 13.93366 14.00918 13.98823 14.11062 14.17335 13.37799 12.34327 11.4104 17.16476 23.38973 24.98479 25.99551 28.49747 29.10165 29.07087 33.2084 32.80819 29.29865 32.18353 32.02888 31.43513 33.02258 28.32326 25.61193 23.72941 19.67439 22.06315 23.80112 21.69696 22.56423 23.80391 21.20965 18.43386 15.40267 13.53471 14.47301 15.6623 16.55953 17.35361 15.61995 11.43071 5.209883 7.614795 15.16696 17.70862 16.01731
8.725942 12.80377 13.36365 12.60282 12.95649 17.17197 20.08091 20.84928 22.05252 20.82819 20.11598 20.06064 18.94039 18.30568 17.08132 15.41338 14.39534 14.12518 14.38991 14.38201 14.5586 14.89279 14.99699 14.4775 12.81008 16.92173 23.96531 25.81562 25.61008 26.75782 27.65359 28.89583 33.5424 34.37307 31.01223 32.59155 32.40051 30.67231 32.51031 29.63805 26.86079 24.45236 18.76242 18.89058 21.00907 21.03891 23.11657 23.60303 20.4165 18.8815 16.24568 12.90136 14.12256 15.99226 16.06448 17.06902 16.35282 12.86747 6.353719 7.560738 15.81158 18.58923 17.36394
8.799538 11.5466 14.02644 13.51988 13.15347 13.96389 15.77267 17.69079 20.98224 21.69577 21.90473 22.03736 20.28322 19.27463 17.98446 16.41688 15.44857 14.86938 15.19882 15.37613 15.69378 15.87339 15.92387 14.85461 12.77846 16.86934 23.29804 26.08923 25.46891 25.3707 26.89558 28.7987 33.63567 35.79848 32.99484 33.63367 32.63765 29.36272 31.98507 30.23674 26.88713 25.03315 18.28126 16.61504 19.29951 19.84447 22.6791 23.54599 19.75935 18.86338 17.33118 13.38204 13.46858 15.88166 16.25783 16.80397 16.36715 13.44143 7.237623 8.231986 16.07606 18.71865 17.97674
13.97836 6.908369 12.92194 13.21602 13.60744 13.83632 13.25465 13.81215 17.10798 19.87364 21.80303 23.8731 23.30231 22.87587 22.01154 19.76373 18.23347 16.92853 16.52455 16.62944 16.42476 15.85646 15.22293 13.44494 12.29195 17.66783 22.4926 25.06345 25.35261 24.32232 26.22886 29.20932 33.9033 36.5787 34.53102 34.67794 32.43134 28.16596 31.36567 30.2454 26.71505 25.20527 18.77956 16.20128 18.42698 19.46718 22.57469 23.75633 19.50003 18.33485 17.90983 14.52253 13.66359 15.73335 16.70675 17.1742 16.60621 13.62195 7.640075 8.466157 15.36211 18.42041 18.16322
20.09698 6.838301 10.02313 14.3434 14.70227 14.72535 14.98609 15.26735 16.00441 17.21347 18.6092 21.58638 22.76539 23.22437 23.63819 22.02054 20.91656 19.2855 17.98452 17.22402 16.04342 15.45915 14.45073 12.42213 13.0304 19.47652 23.18268 24.19462 24.80893 23.24405 25.67291 30.47838 34.1985 36.65696 35.45696 34.58194 31.11796 27.41636 30.93651 29.51399 26.54699 25.46717 20.10738 17.97739 19.47954 19.62917 22.72899 24.66994 19.92082 17.76384 18.07591 15.51712 14.3269 15.69618 16.77926 17.83904 16.69136 13.60008 8.363784 8.51367 14.18648 17.50863 18.558
23.83097 14.58842 6.217824 11.85041 16.90364 18.64101 19.18439 19.78032 19.7951 19.60218 18.67975 18.28091 18.00362 17.87786 19.1901 19.23809 19.0442 18.42585 17.27842 15.70078 14.41548 13.95819 12.99406 11.85982 13.63413 21.08581 25.81532 25.47932 25.10976 23.65702 26.25681 31.96666 34.35003 36.18446 35.54063 33.24605 29.618 27.35514 30.47719 28.40886 26.3805 26.41128 21.70251 19.16464 20.2354 19.64087 22.79485 25.71745 20.13467 16.7589 18.01713 16.2726 14.9092 15.64137 16.5656 18.36467 16.63494 12.6559 8.562578 8.309872 12.41325 16.08198 18.22194
