slope.asc
ncols 245
nrows 237
xllcorner 473595.90283111
yllcorner 226796.12974521
cellsize 30
NODATA_value 0
[rows 0 to 27 of 237, columns 0 to 62 of 245]
14.0978 13.08687 12.94405 13.03871 10.44875 10.46702 10.00518 8.140511 8.63103 8.423967 5.946544 1.910289 2.164871 3.324002 4.960849 5.567118 6.206002 6.867914 6.060847 4.783391 3.737589 3.08023 3.003842 2.927927 2.178003 1.606783 1.03795 1.563746 1.049247 0.9020929 1.236535 2.429753 3.755016 3.662396 3.576243 4.01324 4.263254 3.887334 3.493608 4.280522 5.278107 6.172896 5.943496 5.142524 5.342264 5.334405 5.762726 6.554247 6.97723 7.211108 6.633145 5.335239 4.383848 3.953402 3.689078 4.590905 6.850669 8.16353 10.62127 15.55821 14.95398 8.561089 4.479839
15.27857 14.30385 12.98405 12.07866 10.17557 10.16106 9.517751 7.926844 8.055329 7.32831 4.887475 1.53343 2.742756 4.390313 5.971569 6.702624 8.12458 7.687883 5.580968 4.41418 4.084303 3.917883 4.007962 3.595217 2.96619 2.59136 1.949099 1.116598 0.5530258 0.5357361 0.9202653 1.563908 3.266759 3.496877 3.068809 3.346198 3.269121 3.272807 3.493489 4.462983 5.032194 5.424331 5.372606 4.670911 5.142394 5.181646 4.84023 5.893384 6.637939 6.948244 6.548553 5.051186 4.159745 3.898685 3.661677 4.56179 6.781564 8.219734 12.04474 17.00466 14.20542 7.225703 4.044757
14.47659 14.02633 11.81706 11.042 10.04544 9.627551 8.935271 7.435495 7.178081 6.09599 3.536141 2.098949 4.551025 6.217846 7.436376 8.244093 9.005894 7.503086 5.60721 5.113051 5.445956 5.542922 5.500382 5.18702 4.566321 3.67956 2.850935 2.238484 1.551899 1.028744 0.2908157 1.27585 3.056427 4.08591 3.188691 2.869717 2.718701 3.041795 3.132204 4.019783 4.616663 4.829971 4.927438 4.322814 4.765862 4.950502 4.65545 5.516051 6.095653 6.164487 6.29782 5.232193 4.109489 3.778055 3.71492 4.502094 6.582752 8.054321 11.87129 17.4411 14.89711 7.535081 4.289157
13.41836 13.26093 11.07432 10.91359 9.663015 8.684419 7.948454 6.422838 6.002116 4.54996 2.608482 4.218859 6.951099 7.847433 8.658772 8.926091 8.582989 7.372918 6.438468 6.237261 6.236129 6.359271 6.350522 6.040963 5.617382 5.108782 4.109464 3.26912 2.681275 2.088695 1.465971 1.28844 1.331793 3.120706 3.554486 3.737527 3.692785 3.340666 2.877084 3.574194 3.951699 4.263457 4.557281 4.204412 4.557303 4.918027 4.730439 5.240599 5.469896 5.298968 5.670186 5.268867 4.227619 3.804591 3.737616 4.322831 6.253689 7.846827 10.82878 16.36116 15.77692 8.655406 4.223913
12.66433 12.38409 10.56328 10.32734 8.816047 7.069759 6.484973 5.899873 4.34133 3.238686 3.829107 6.702317 8.483313 8.827435 9.635108 9.355784 8.571906 8.015429 7.144549 6.718249 6.59503 6.666057 6.624317 6.350513 6.146407 6.269417 5.626051 4.409422 3.617239 2.892632 2.817743 2.77236 1.998996 0.4391131 1.413653 2.08547 2.476467 2.319942 1.910288 2.515257 3.363845 4.218903 4.882336 4.351773 4.627194 5.163101 4.543387 4.765863 4.751699 4.655459 5.200902 4.93171 4.165994 3.920792 3.892036 4.443131 6.12604 7.383472 9.865185 15.3118 15.99587 9.31517 4.137173
11.71341 11.68894 9.95091 9.449697 8.050842 6.034451 5.738362 4.614563 1.997025 3.34619 5.279055 8.082238 9.201429 9.346012 10.04678 9.071957 8.46732 8.310212 7.271301 7.295709 8.190618 8.622711 8.523322 7.880119 7.32424 7.038356 6.5679 5.626044 4.682398 3.80706 3.159152 3.041891 2.862261 2.379801 1.658735 1.149658 0.7161931 0.4994566 0.8259892 2.117837 3.306909 4.688858 5.547442 4.387057 4.042921 4.724612 4.383893 4.36681 4.357171 4.174393 4.628992 4.640872 4.235267 3.838246 3.819254 4.632286 6.191143 7.488458 10.48462 15.43445 15.08574 8.727527 4.401433
11.21493 11.53275 9.949257 9.07182 7.150592 4.598931 3.743101 2.985742 4.068623 5.539601 7.035243 8.970899 9.385722 9.472481 9.688339 8.684496 8.297256 8.178157 7.932531 9.295344 10.703 11.0458 10.5216 9.5115 8.460226 7.560763 6.986694 6.26386 5.424294 4.386569 3.436705 2.745309 2.198456 1.963604 1.719811 1.446772 1.477256 1.116529 1.242201 2.364094 3.708057 5.079504 5.559635 4.229893 3.462602 4.464658 4.369445 4.086067 4.174373 4.078049 4.751494 4.311347 3.808859 3.894505 3.659239 4.395594 6.454723 8.772447 12.56276 14.94858 11.93095 7.64354 5.746655
11.55016 11.26529 8.854428 6.593027 4.068268 2.666432 3.360358 4.989429 7.302965 8.799645 9.752217 9.527674 9.211316 8.981734 9.315383 8.901567 9.289493 10.03517 10.84637 12.24021 12.79542 11.84459 10.57288 9.6402 8.574497 7.345643 6.682945 6.150486 5.724265 4.591861 3.26704 2.94379 2.610228 1.720042 1.172141 1.407197 1.714409 1.752408 1.963521 2.810358 4.374341 5.321249 5.398101 4.399286 3.707451 4.702722 4.35184 4.199536 4.566338 4.289645 4.714777 3.924973 3.114886 3.981685 3.972292 4.019715 6.725326 9.859121 12.0058 13.17674 11.73734 9.416802 7.594844
10.56328 8.92816 5.38893 2.933799 3.191439 4.594307 5.562637 7.0604 9.268818 10.8749 11.35442 10.43905 9.431999 8.817147 9.530653 9.677127 10.78645 12.29281 12.78264 13.21188 12.30275 10.32906 9.392396 8.950414 8.297303 6.781524 6.1009 6.100552 5.795225 5.150456 3.640599 2.85341 2.800188 2.255238 1.748388 1.811732 1.840065 2.085412 2.279185 3.315412 5.062981 5.515576 5.34613 4.500071 4.177094 4.532868 3.890301 4.470268 4.34809 3.952288 4.594336 3.443009 2.28233 3.686446 4.013276 3.61991 6.297883 8.63577 10.38494 13.59587 13.98779 11.50639 9.21705
8.723051 5.55958 2.743636 3.320958 3.874673 4.84289 5.702915 7.932937 10.14128 10.70205 10.37773 10.46038 9.78307 9.504897 10.58725 11.31941 11.99745 13.18851 13.72651 13.23935 10.6559 8.330463 8.380315 9.128568 8.799504 6.924409 6.166709 6.394446 5.901248 5.557562 4.575999 3.144169 2.796926 2.758894 2.537356 2.098928 1.993391 2.384873 2.882809 4.223757 5.600925 5.672986 5.178004 4.251911 3.904578 3.168622 2.859889 4.258958 4.111042 3.708052 4.449977 3.923127 2.637285 3.466781 4.054489 3.789812 5.85278 7.479807 7.6216 9.52813 11.65278 11.30024 9.843289
6.235799 3.108146 3.862935 4.831783 4.893188 4.790749 5.445719 8.082236 9.277808 9.025813 8.845156 9.467981 10.35982 10.98737 12.3786 13.50259 13.67526 14.94194 14.51832 12.15005 9.045388 8.000263 8.245564 9.454251 9.531669 7.967394 6.888012 6.608744 6.180158 5.95284 5.094715 3.401935 3.096815 3.179696 2.869707 2.569541 2.645138 3.013243 3.627689 5.077767 6.166936 5.572522 4.516131 3.641799 3.006126 1.84524 1.935953 3.9231 4.348039 4.588223 5.203261 5.063494 4.12306 4.077576 4.043011 3.459285 4.934584 6.369194 7.11887 8.127409 9.245378 10.51845 9.767654
4.618057 4.751477 6.055087 6.620153 6.807269 6.382923 6.450503 8.587994 8.51265 8.378635 8.827418 9.209249 10.3962 12.07699 14.16838 14.82794 14.2695 14.93117 12.24215 8.95755 6.968366 7.846712 8.270784 9.454255 9.896149 9.037391 8.562894 7.442857 6.444313 6.147494 5.549523 4.046953 3.55332 3.544767 2.959873 2.914344 3.349113 3.752533 4.43365 5.688411 5.775478 4.399292 3.526839 2.550233 1.910197 2.007319 2.14771 3.563237 4.182168 4.259162 5.067172 5.07452 4.339975 4.351766 4.244215 3.493607 4.522894 5.864788 6.594734 7.510166 9.318954 11.61869 11.034
5.877357 6.930745 6.652699 6.715863 7.142304 7.285144 7.716641 8.455735 7.706297 8.805886 9.460225 9.122766 10.62813 12.85917 14.41995 13.98201 13.44321 13.29907 9.542315 6.762736 5.872576 7.069718 7.800697 8.850148 9.454255 9.139361 10.00228 9.24669 7.248417 6.295014 5.56599 4.746542 4.197144 4.140567 3.249751 3.19956 4.013237 4.289712 5.069519 5.51549 4.360883 2.9336 2.645152 2.271889 2.822673 3.034926 2.820339 3.391549 4.110985 3.974747 4.470975 4.728039 4.019693 4.075191 4.382213 4.239087 5.054678 5.050734 4.592186 6.61629 9.738539 13.07827 13.92182
5.850466 6.005134 5.649271 5.533681 5.734188 6.697559 7.545352 7.267658 7.858418 10.00891 10.11671 9.6516 11.83576 13.28054 13.50695 13.4392 13.38198 12.21734 7.780863 6.334447 6.016026 6.543357 7.004137 7.939249 8.362906 8.298388 9.922457 10.26661 8.166838 6.902946 5.675479 4.591858 4.566312 4.775032 3.92495 3.563226 4.361439 4.898915 5.519335 4.753996 2.729916 1.951596 2.514199 3.234331 3.269122 3.185556 2.688326 2.985907 3.836335 4.136644 4.942892 4.940585 3.993351 4.318409 4.317945 4.335636 5.387671 4.965659 4.054586 4.960934 7.613868 11.57996 14.72072
4.695341 5.194215 5.500382 5.474967 5.576108 6.600532 7.19719 7.634027 9.163082 10.32174 10.00935 10.39431 12.68656 13.49777 13.50313 14.38486 13.44132 10.3323 6.064322 6.151598 6.524358 6.779814 6.460435 7.16556 7.488284 7.726198 9.717386 10.27923 8.559742 7.341757 5.840683 4.318385 4.449957 4.989417 4.530951 4.123022 4.682406 5.378956 5.712101 4.096336 2.203632 2.457565 3.35179 3.648751 3.462604 3.557218 3.078685 3.041888 3.699801 4.337239 5.515495 5.327369 4.395104 5.152355 5.006206 4.408001 5.408403 5.135233 4.019712 3.951695 5.267926 8.082583 11.92403
4.898944 5.575888 6.109633 6.387984 6.761019 7.205998 7.625731 8.700058 9.377108 9.582154 10.56137 11.83641 13.66625 14.18312 14.20842 13.71175 10.70206 7.556656 6.120235 6.397507 6.756597 7.31528 6.460424 7.009419 7.571289 7.715584 9.636739 10.14525 8.645963 7.556652 5.691048 3.98469 4.197161 5.024205 4.754037 4.484917 4.981462 5.267647 5.465973 4.030653 3.53614 4.457645 4.598433 4.354439 4.073503 4.204347 3.689085 3.212037 3.709252 4.348051 5.446135 6.082128 5.424318 5.811332 5.88858 5.006711 5.128986 4.727051 3.688992 3.57625 4.483501 5.754918 8.505688
6.417263 7.011615 7.117477 7.330489 7.808898 7.985624 7.926722 8.230043 8.88796 9.867355 12.31456 13.7277 14.69576 14.69268 13.00032 10.02608 7.03552 5.464717 6.450208 7.437473 7.21759 7.585845 6.619787 7.292947 8.182791 8.225601 9.845873 9.939879 8.39347 7.545427 5.733967 3.822313 3.877656 4.765846 4.727012 4.670896 5.172188 4.934421 4.459912 4.423955 5.194207 5.681484 5.520248 5.293598 4.960837 4.74821 4.457695 3.807081 3.981792 4.536663 5.302972 6.271245 6.213484 6.501769 6.695137 5.950142 5.640626 4.656559 3.294854 3.346337 4.740194 5.512302 6.776674
7.399133 7.604148 7.438075 7.610928 7.940632 8.22755 8.264055 8.696752 10.27556 12.02452 14.69224 15.52991 14.95548 13.46732 9.876334 7.094253 5.194144 3.563179 5.160144 7.332969 8.149907 7.899041 6.692352 7.625998 8.698098 9.137851 10.29035 9.339184 8.095357 7.430495 5.553788 3.917877 3.885516 4.600464 4.618672 4.61869 4.839935 4.419837 4.335707 5.231977 5.512191 5.298944 5.160469 4.991359 5.259992 5.2606 5.179398 5.028879 5.000644 5.23578 5.626163 6.258037 6.424479 6.636981 7.100616 6.693411 6.49783 5.607433 3.694846 3.174701 4.390337 5.397637 6.089616
7.002447 6.573952 6.83883 7.398284 7.925885 8.499103 9.366327 11.02226 13.10984 14.62213 16.38497 15.86745 13.87307 11.41122 8.310321 6.418487 4.286857 2.909591 4.158739 6.093001 8.499555 8.489984 7.139726 8.235033 9.279856 9.715981 10.3785 8.9614 7.714005 7.018344 5.417036 4.366804 4.264997 4.311325 4.287952 4.368884 3.988842 4.269986 5.32151 5.656901 5.232172 4.700822 4.481309 4.622766 5.069494 5.655323 5.686566 6.040862 5.817319 5.538795 5.772337 6.258019 6.382944 6.556698 6.843955 6.827279 6.962932 6.489305 5.112888 4.234825 4.265323 5.03255 5.640647
6.356738 5.935443 6.725044 7.594587 8.381691 9.382063 10.68989 13.16955 15.08237 15.99362 16.68346 15.9865 14.00565 11.70197 9.130238 6.385638 3.78248 3.363747 4.414077 5.715892 7.86781 8.424866 7.603904 9.300372 10.16014 9.760592 10.24051 8.669222 7.09422 6.725475 5.712081 4.887452 4.374252 3.77802 3.515545 3.904568 3.682785 4.245793 4.887469 5.131495 4.893179 4.412024 4.291906 4.730411 5.232179 5.836767 5.906336 6.155338 6.269427 5.801737 5.904288 6.280602 6.517746 7.176688 7.305432 7.228007 7.858172 7.338468 6.565749 6.298838 5.607741 4.995676 5.545902
6.106723 6.236196 7.150745 8.173876 9.191206 10.43299 12.13135 14.41357 15.87301 16.83598 18.30621 18.57054 16.27781 13.1857 9.711704 6.537285 4.468845 3.838917 5.123412 6.433088 7.311576 7.904549 7.909758 10.34715 10.98374 9.408899 9.532928 8.333548 6.956578 6.669914 5.808064 5.136029 4.366788 3.317557 2.58422 3.086967 3.555197 3.729994 3.833967 4.067672 4.330759 4.383852 4.449977 4.695338 5.143335 5.713771 5.839917 6.237266 6.911287 6.752873 6.67439 6.913404 6.696331 7.468258 8.123225 7.691834 8.54157 8.480392 7.38595 7.772398 7.941686 6.37149 5.880459
6.050255 6.607244 7.368037 8.342668 9.543739 10.93704 13.16372 15.06013 16.88785 19.14042 21.31043 20.06999 16.51679 13.11239 10.13941 8.238546 6.457158 5.203317 6.524559 7.62585 7.211004 8.03373 8.731427 10.09404 10.61522 9.244748 8.809986 7.860581 6.879139 6.707895 5.839935 4.972536 4.502012 3.410067 2.340141 2.820305 3.63132 3.826617 4.033592 4.123069 4.35822 4.655422 4.91598 4.927351 4.940708 5.540775 5.724343 6.094957 7.027107 7.295459 7.379002 7.715589 7.330443 7.333465 7.857077 7.575871 8.246457 8.929945 8.040582 8.087319 9.203973 8.787957 7.709742
6.058007 7.057572 7.531047 8.423332 9.13461 10.71385 13.48575 15.8123 18.56466 21.04105 20.85156 17.23645 13.91062 12.21181 11.09352 9.94272 8.5759 7.586969 8.475859 8.260691 7.11367 8.355437 8.547636 8.780862 9.892842 9.232946 8.620346 7.533219 6.39411 6.745565 6.036442 4.684966 4.532959 4.040542 3.341391 3.493503 3.779244 4.129855 4.532943 4.463098 4.647405 4.983821 5.424165 5.525663 5.444852 5.691377 5.665171 5.502203 6.082709 6.719908 7.420594 8.115376 7.856168 7.728976 7.867291 7.365654 7.69087 8.246455 8.186919 8.115783 8.695438 9.525827 9.587847
6.724336 7.534684 7.761796 8.633048 9.084814 11.02884 14.61715 17.17522 19.52382 20.48427 17.87743 13.62223 11.17548 11.14563 11.90357 11.64927 10.64415 9.989703 9.53286 8.381669 7.233925 8.150232 7.667516 7.621243 9.488733 9.212956 8.445577 7.383058 5.783692 6.494212 6.672884 5.118478 4.667042 4.813919 4.181019 3.833968 3.826644 4.1972 4.545288 4.51458 4.915951 5.298908 5.753014 6.09597 6.197397 6.304827 6.271293 5.934525 5.816926 6.051744 6.547288 7.641257 7.80864 7.624331 7.955606 7.395813 7.216576 7.37187 7.254397 7.808654 8.114091 8.564181 10.05907
7.273659 8.014305 8.167947 9.065701 10.22329 12.93586 16.51785 18.10767 19.49764 19.75968 16.14964 12.00345 10.01933 10.55495 12.06099 13.28552 12.82795 11.79729 10.40988 8.494176 7.277782 7.728816 7.190845 7.10201 8.973575 8.954186 8.168192 7.540947 5.852723 6.179167 6.951242 6.095941 5.375179 5.170868 4.562288 4.17436 4.418369 5.033971 5.240561 5.298903 5.580508 5.756598 5.673484 6.020543 6.197389 6.350998 6.76815 6.803223 6.573891 6.233969 6.333011 6.670023 6.854721 6.787335 6.848995 6.540037 6.405745 6.712993 6.594991 7.124349 7.584954 7.503081 9.531621
7.586961 8.688614 8.804966 9.812084 12.28354 15.08651 17.64678 18.67764 20.13761 20.12704 15.54214 11.601 10.46747 11.35722 12.39232 14.21951 14.36443 13.0434 11.40592 9.047878 7.341736 7.018328 6.807437 7.142268 8.248477 8.163411 7.452212 7.267325 6.627378 6.624754 7.166526 6.682713 6.546985 6.381113 6.013334 6.045576 6.125949 6.280505 6.204539 6.359264 6.463593 6.306955 5.903984 5.813628 5.914923 5.971556 6.216061 6.537582 6.839321 6.395683 6.353741 6.558084 6.227269 5.956366 5.850708 5.47284 5.424305 5.845483 6.019404 6.424531 6.951271 6.603489 8.293747
7.718812 9.130448 9.774774 11.03054 14.45823 16.89059 18.64186 20.38078 21.64588 19.99384 14.1284 10.74432 10.86339 13.04791 13.57598 15.01899 15.4104 13.55818 12.01731 9.9868 7.55329 6.497921 6.86569 6.910922 6.983043 6.990594 6.887895 6.733752 6.646523 7.027174 7.723763 7.271283 7.50378 7.925337 7.893452 8.000148 7.670044 6.896384 6.558127 6.559719 6.245123 6.152029 6.281202 6.159559 6.197378 6.197382 6.197398 6.216058 6.512069 6.565698 6.262871 6.558525 6.04561 5.704391 5.375186 4.611187 4.383924 4.53101 4.858755 5.806005 6.547116 6.180172 6.809081
8.053901 9.574592 10.88341 12.75568 17.12725 19.35522 20.62458 22.33834 21.78667 17.63747 10.6995 7.383089 10.02464 14.04635 15.00465 15.62508 16.09592 14.27792 12.39957 10.5657 7.768865 6.428794 6.620129 6.408519 5.935437 5.822084 6.472777 6.557001 6.527319 7.422419 8.28098 8.231583 8.147037 8.766171 8.716964 8.574345 8.064378 7.292719 6.814518 6.579113 6.316696 6.612746 6.76556 7.157742 7.288843 7.100633 6.92958 6.304856 5.928405 6.284422 6.708878 6.986688 6.224255 5.753489 5.191989 4.189923 3.721856 3.730036 4.12028 5.535817 6.049165 5.691328 7.006453
