slope.asc
ncols 245
nrows 237
xllcorner 473595.90283111
yllcorner 226796.12974521
cellsize 30
NODATA_value 0
[rows 112 to 139 of 237, columns 126 to 188 of 245]
10.69959 12.45476 13.74854 14.835 13.34188 10.86355 9.654511 9.729138 10.20326 11.28052 12.5276 13.18832 13.54133 14.37771 16.09046 15.16377 10.50394 8.020185 18.52291 25.04983 22.60665 14.83382 11.77048 16.59529 18.28709 16.35416 17.59326 17.13737 15.20784 14.62382 11.93235 10.36913 11.67029 10.39076 9.753038 10.46996 10.23055 10.67248 10.7085 10.74431 11.24219 11.0048 10.38803 11.31131 11.94509 10.86566 11.2303 11.72303 10.8983 11.41006 12.36703 12.98278 13.11375 12.523 13.89608 13.85006 13.61461 16.35086 17.5427 19.36004 21.8035 20.64014 21.1293
13.9977 14.84335 14.87408 15.18629 13.67308 11.77035 11.05805 10.90224 10.92423 11.68981 12.74461 13.54125 13.69877 14.10531 15.53244 16.27475 15.09915 10.94456 8.959089 17.64641 22.99048 19.06835 12.50718 14.26013 17.92305 18.03615 17.49011 18.32425 19.52485 19.57463 16.44372 12.71014 12.7113 11.91457 11.51436 12.39192 11.70864 12.01648 12.2116 12.16208 11.68862 11.17957 11.53226 11.83777 11.82029 10.66458 10.70267 11.25023 10.52645 11.3113 12.50031 12.38897 11.71602 11.64597 13.03078 13.01219 13.66518 17.50892 19.52421 21.1757 22.47592 20.26611 21.46791
14.84913 14.88452 14.35677 14.36325 13.26223 11.99651 11.58554 11.37756 10.97984 11.15861 11.93203 12.85992 13.28581 13.83706 14.7138 14.95429 14.76037 14.02452 11.31936 9.819338 14.754 18.80211 15.24297 13.09274 14.79869 17.40529 17.17747 16.44576 19.6916 23.72775 22.27537 17.87108 15.55853 13.17873 12.58378 14.19114 13.3775 13.31639 13.65827 13.47378 13.05264 12.34797 13.04955 12.5773 11.82184 10.46329 10.42251 11.72202 10.9447 11.39669 12.56507 11.6759 11.05687 11.89135 12.51464 13.0848 14.44184 18.85965 21.33805 21.13364 20.72801 18.3931 18.07733
14.17789 14.02969 13.38385 13.45957 12.92571 11.9778 11.50076 11.04967 10.22109 9.658269 10.22002 11.32929 12.00095 12.67377 13.75584 14.09332 14.09834 14.42526 13.63631 12.00759 9.410947 10.5088 13.19077 12.59833 11.72218 13.13015 15.93003 14.76138 15.24367 21.13098 24.47708 22.7869 20.49038 15.74094 13.22275 14.94351 14.77531 14.74736 15.09727 14.85615 15.14696 14.15915 13.96179 13.55358 12.59859 11.17353 10.68165 12.31889 11.67575 11.42739 12.69863 11.76745 11.28025 12.55399 12.83914 13.71402 15.32482 19.62677 20.83454 19.58213 19.39096 16.09883 13.92892
13.33201 12.58051 12.32508 12.82569 12.92022 12.09744 11.04578 9.889695 9.162053 8.525496 8.801316 9.903346 10.71363 11.44299 12.5594 13.49123 13.91215 14.41721 14.35923 13.79382 13.03132 11.83165 9.716493 9.915104 9.334051 7.560864 10.38453 11.38802 9.667847 13.01402 18.73537 21.97205 23.57529 19.5451 14.52106 15.07695 15.31393 15.80491 16.63822 16.10575 17.24416 17.24012 15.36998 14.49979 14.27427 13.26208 11.85406 12.47792 12.11773 12.35213 13.34322 12.12657 11.8882 13.24494 13.45914 14.46811 16.59349 19.19951 19.26303 19.3001 19.82333 16.03539 13.80464
12.16157 11.15874 11.98707 12.80927 12.9593 11.65908 10.23371 9.226692 8.620193 8.298635 8.781988 9.432047 9.842937 10.50784 11.58949 12.44682 13.00688 13.71655 14.12811 14.16956 14.63308 14.68505 13.66789 10.44243 6.713636 6.824652 8.235072 9.81926 9.438178 7.976964 9.244793 13.6103 20.31485 21.26189 16.90123 15.48223 15.17211 15.84953 17.78305 17.34334 18.17615 20.02894 18.36905 16.34569 16.21063 16.23314 14.59898 13.46591 12.91171 13.60047 14.85524 13.11077 12.35794 13.78563 13.97491 15.02409 17.73251 18.55681 18.25639 19.57218 20.62636 17.98787 16.07566
11.90826 11.32259 12.07984 12.30697 12.07396 10.76658 9.962291 9.390336 8.997038 9.002099 9.28139 9.741259 10.25822 10.92043 12.04299 12.85387 13.43248 14.3322 15.04285 15.54845 15.42226 14.80699 14.1993 12.64848 9.556343 9.584133 12.5005 15.81191 15.66908 14.52977 13.79337 11.31912 11.14174 15.98609 16.12217 15.74162 14.95201 15.3354 17.55442 18.22335 19.03716 21.91347 22.03152 20.38368 19.33044 19.09835 18.54538 17.08865 15.3697 14.91406 16.5329 15.54059 13.89217 14.35795 14.21721 15.1995 17.92382 18.35172 18.36861 20.23019 21.05787 20.13916 18.89008
12.98975 11.83399 11.77968 11.4105 11.27664 10.48977 9.758731 9.078016 9.421605 9.846589 10.34021 10.84941 11.76771 12.60691 13.36233 14.29332 14.86996 15.4142 16.05797 16.29502 15.72763 14.92931 13.4533 12.38135 10.83297 8.298734 14.23956 17.09137 15.84368 16.51455 16.98126 15.5149 13.3147 10.95099 9.648744 10.91058 11.45906 12.70175 15.66664 16.94593 18.45476 21.48332 23.12038 23.75935 23.58637 22.02726 21.48716 21.0333 19.70213 17.65944 17.60639 18.12411 17.18773 16.0725 14.51844 15.22748 17.7219 18.2484 18.54284 20.27235 21.18071 21.8763 21.70739
14.26904 11.90078 12.03698 11.58939 11.5695 10.86817 9.799646 9.521163 9.827919 10.57127 11.90429 12.83947 13.51932 14.26498 14.21911 14.49089 14.53211 14.31293 14.25153 14.154 13.55799 12.78584 10.83146 9.611979 9.563476 6.784036 14.26999 17.37086 15.30163 13.99468 13.65198 13.78745 14.25872 13.63625 12.17973 10.4584 8.105256 6.607244 8.984441 10.04533 12.29178 15.70908 17.86278 20.68783 24.06203 23.59645 22.66267 22.888 22.86331 21.79919 20.13041 19.76974 19.6483 19.04294 16.17161 15.43591 17.51429 18.30772 18.75126 20.64316 21.49578 22.35185 24.43428
14.39596 11.57962 11.98708 11.41092 11.57415 10.76137 9.815571 10.01862 10.48812 11.50926 12.98533 14.29938 14.80301 14.98722 14.83938 14.20714 13.14112 12.28917 11.30013 10.65919 10.03923 9.281343 8.461516 7.710687 8.010767 5.828828 12.57936 19.03718 16.01737 12.97848 11.98353 12.14826 12.94079 13.75195 14.03942 13.75756 13.31572 12.76166 11.85181 9.806149 10.47301 11.58788 8.948443 9.5687 14.43159 16.83049 17.02475 18.52898 20.72261 22.85926 23.08685 22.63015 21.95971 21.90894 19.92207 17.31399 17.61374 18.55068 18.64458 19.43566 20.66617 21.71557 24.46667
13.27782 10.87396 11.73693 11.44011 11.45414 10.09309 9.077715 9.402637 10.83414 12.57392 14.17395 14.65644 14.39046 13.58806 13.25912 12.81897 11.97505 11.34197 10.74623 10.36306 10.03652 9.675955 9.443261 9.232545 9.270877 7.486697 9.671542 19.31617 18.69947 14.21733 10.91344 10.01558 10.60484 12.42497 13.40473 13.99327 15.28428 16.08064 15.93475 17.00076 18.66048 18.70247 16.70652 17.7605 19.61273 17.4731 14.85234 11.06038 10.5928 14.22381 18.40809 21.49077 23.02694 24.07117 23.89928 20.96283 19.33103 19.22561 19.80576 18.99409 18.66998 19.96357 21.64771
11.81538 10.47175 11.89473 11.62568 11.17479 9.661903 8.697197 9.85499 11.42895 12.03551 11.77618 11.10946 10.615 10.07791 10.11717 10.65588 11.68183 12.26657 13.03765 13.24362 12.75154 12.6075 12.16797 11.80391 11.35418 10.34229 6.77249 16.96134 22.32234 16.31976 10.31326 9.450695 10.39155 12.95912 14.45988 16.19196 18.08652 18.56836 18.74355 19.84379 20.18079 19.13905 18.78643 22.34871 23.59984 21.19736 19.00279 17.4774 16.67178 15.6227 12.62105 11.39625 13.4884 17.45267 21.79469 22.7363 22.13174 21.20173 21.88507 21.25203 18.61379 19.4421 20.8505
11.2748 10.11183 11.74745 11.63316 10.4582 9.163318 9.279755 11.28562 10.79937 9.197716 7.889476 7.045357 7.320249 8.017268 9.018848 9.916063 11.68415 13.07584 13.8854 14.1196 13.83186 13.86915 14.11238 14.19798 13.76581 13.3 10.33429 13.08386 24.05434 18.88939 11.49367 10.93499 12.11404 14.37891 15.27504 17.31757 18.9377 19.47511 21.1192 22.12486 21.26952 19.57727 19.35863 20.16394 17.66272 15.82725 17.33596 20.43609 22.53549 22.93081 21.61934 18.73722 15.61843 11.78629 10.39494 13.65178 18.47152 21.19841 22.0838 23.37338 20.26659 19.70324 21.58369
10.9399 9.76554 11.81824 11.53657 10.09328 9.809855 10.28931 10.92815 9.065699 8.349754 8.925845 8.781924 8.99696 9.482812 9.854093 10.23077 11.16329 11.99862 12.55637 12.83327 12.92425 13.07742 13.64765 14.62832 15.34179 15.63342 14.70147 11.26051 22.17308 20.96266 13.53321 12.11942 13.03504 14.82533 15.42654 16.4556 18.02211 17.81941 19.22953 19.58091 18.46339 16.6084 15.98278 15.27399 14.45017 15.25411 19.37792 21.57781 21.2478 20.92203 20.39994 20.48561 20.63484 18.72074 15.27508 10.78357 8.381811 15.23124 19.67942 21.81398 20.55154 19.69468 22.10428
11.02008 9.727205 12.11473 12.29525 10.76297 10.55599 10.0476 8.691077 9.037845 11.82565 13.05373 12.59575 12.1359 11.96319 11.55028 11.06602 11.23737 11.55937 12.0725 12.46172 12.38129 12.2195 12.35816 13.15101 14.5569 15.76897 16.03438 11.73299 18.11615 21.56294 15.82047 13.35972 14.20522 15.79161 16.09683 17.18531 17.44182 15.82704 15.40968 13.71499 12.58851 12.26453 12.57594 13.69774 15.72848 17.89402 21.20357 20.93807 19.30261 19.2314 19.34614 20.17258 20.26597 19.35511 18.38056 16.60576 14.46695 15.65156 19.15567 21.56812 19.90286 18.17702 21.06553
11.90244 10.64572 12.74066 13.16845 11.66295 11.9498 9.531106 7.638206 10.96236 12.98597 13.05285 13.07463 13.24643 13.6261 13.68625 13.06793 13.14957 12.99458 12.3222 12.27453 12.33219 12.1074 12.29637 12.52859 13.1642 14.09323 15.28835 11.77109 12.99268 20.3159 17.92735 14.6148 15.06618 16.69163 16.99111 16.78897 16.09811 14.94129 13.7252 13.2316 13.46 14.76034 16.44082 17.2073 18.42173 19.50333 20.8473 20.46102 19.09059 18.99819 18.75104 18.70553 18.2319 17.85111 17.21599 16.60262 16.88121 19.03654 20.84395 21.91026 19.55668 17.88442 19.95154
12.88362 11.72229 13.8743 14.66552 13.32901 13.47693 9.893313 9.118057 11.62444 10.72872 10.64048 11.47883 13.08082 14.57059 16.04428 16.59995 16.48283 15.29662 13.7937 12.78444 12.63248 12.41803 12.53544 12.53545 12.30633 12.40589 14.0085 11.82992 8.579562 18.30441 19.229 16.13251 16.77572 17.65206 16.2991 15.45827 15.5537 14.35516 14.22551 15.9424 17.2611 18.91957 20.81581 21.27822 19.88407 18.62103 19.77132 20.30179 18.4952 18.60175 18.19878 17.53715 17.09348 16.55641 15.98925 15.88057 17.11198 18.93523 19.35648 19.87393 19.55993 19.66851 20.70763
13.10026 12.81542 15.49681 16.73713 15.55319 14.19515 9.959725 9.326653 11.40347 10.95018 10.60984 11.19999 12.12649 13.31178 15.20458 16.54889 15.92623 14.29336 13.02444 12.35658 12.05344 12.12116 12.32703 12.47322 12.38208 12.71804 14.07278 13.24809 7.118061 15.90921 19.73937 17.90137 18.44056 18.00437 16.0378 15.43657 15.324 14.82943 15.64574 17.45335 18.11858 19.11594 20.56718 21.17352 20.09542 18.44629 19.87785 20.70063 18.51005 18.6604 18.26024 17.70809 17.59421 17.25912 16.60977 16.4175 17.61547 18.39614 17.73016 17.81884 20.51169 21.24397 20.84485
13.99675 14.38941 16.78142 18.80524 16.90982 12.76798 9.498421 10.44644 12.64445 11.83983 11.24041 11.13145 11.26935 12.99943 14.57601 14.79541 13.78959 12.65032 11.2948 11.16942 11.28602 11.94315 13.46712 14.00851 13.8667 14.36054 15.53673 15.27291 8.740029 12.9075 19.40132 19.68141 19.66202 18.20827 16.46509 15.84997 15.85305 15.64915 15.97852 18.05698 19.12142 20.44184 21.62585 20.76038 20.5209 21.29536 22.12242 21.26402 18.59021 18.05382 17.2795 17.01043 16.95909 16.64073 15.98039 15.81004 16.87032 16.85305 15.59179 16.35372 21.24588 21.37578 19.91766
14.90413 15.30733 17.58991 20.22376 16.91429 11.37767 11.11582 13.33564 13.79207 12.74104 12.25705 11.93063 12.74603 15.31336 16.4459 16.2107 16.11335 15.87197 14.05817 13.03354 12.81953 12.9521 14.37768 15.37227 15.53428 16.17878 17.52118 17.91757 11.98366 10.09045 18.41322 21.20194 20.18851 17.99609 17.1853 16.57943 16.47258 16.70585 17.7802 20.68999 21.18515 21.38546 21.96123 20.86834 21.65846 23.44695 23.59301 20.78303 18.79416 18.14422 17.11344 16.53444 16.17077 15.09543 14.68126 14.68003 15.63019 15.38824 14.82893 15.96044 20.59312 20.85961 20.44821
14.98523 15.79777 18.59171 20.98569 15.69445 10.97791 14.23602 15.5876 14.50714 14.29648 13.97498 14.41988 16.65649 17.8401 17.39796 17.75059 18.68054 19.46643 17.79399 16.33513 15.51814 14.40853 14.09274 14.61675 15.17941 16.59757 19.09061 21.08474 17.53119 9.611103 17.45181 21.01319 19.033 17.89193 18.49545 17.89186 17.66656 18.75745 20.67474 22.72168 21.08763 19.5709 19.81034 19.94699 21.92365 23.53063 23.20101 21.85703 20.62347 19.40339 18.58236 17.4059 16.27695 15.01262 14.5562 15.11435 15.86596 15.50196 15.58618 15.85582 18.98605 20.79314 21.92864
14.94514 16.77197 20.28301 20.85088 14.30818 12.9482 18.2327 17.54093 15.91094 16.56761 16.63164 18.28575 19.79056 19.61657 19.11888 18.92596 19.04275 19.92449 18.78615 17.33801 16.97314 15.93483 14.95105 14.72597 14.74731 15.61605 18.00067 21.34429 21.98054 13.33304 14.20136 19.68124 18.26861 18.37572 20.16924 19.7955 19.44479 20.94972 22.68632 22.76737 19.59364 17.63232 18.83604 20.83074 22.64624 23.73607 23.71701 23.56378 22.33186 20.82594 19.46296 17.06547 15.59754 15.39272 15.6138 16.46423 17.37705 17.34391 17.43633 16.80583 17.66427 20.77951 23.63646
16.01272 18.43084 21.17213 19.63494 13.44571 15.36485 21.06026 18.84029 17.53862 19.39014 19.84035 21.59107 22.82404 22.90699 21.38814 20.89675 20.66501 20.65579 19.65522 18.42026 18.26831 17.44064 16.73854 16.17894 15.74791 16.0127 16.94232 18.64243 21.55036 17.55308 10.77641 17.15513 18.68365 19.55391 21.69309 21.6203 21.48825 23.08639 23.29256 21.80044 19.52873 19.27585 22.65151 24.28033 23.53987 24.10968 23.75428 23.09908 21.86423 20.98746 18.03203 15.36168 14.24465 14.69231 16.29442 18.12308 19.91974 20.62027 20.5374 19.64662 18.76115 21.72036 25.72677
17.55551 19.55328 20.24303 17.05635 13.31359 18.2657 22.9887 19.59742 18.99497 21.17636 21.91366 24.00497 25.21987 24.47761 22.07357 21.79181 22.58395 23.93482 23.03239 21.93126 21.84164 20.69255 19.61738 18.26982 16.72029 16.52872 17.32383 17.53385 19.7106 18.81723 9.683002 13.24122 19.67887 21.7097 22.64652 22.51926 23.10931 24.21678 22.60243 21.7362 22.75093 24.51949 27.45212 26.17074 24.4528 24.78669 23.13775 21.42892 20.63516 20.48274 18.08953 16.315 14.70728 14.14104 15.5359 19.14144 21.48088 21.90868 21.82339 21.60369 21.93426 24.31771 26.29195
18.06701 19.87077 18.85332 15.41285 15.5313 21.43809 23.69568 20.45746 20.81332 22.87807 23.00254 24.28882 25.38315 24.77009 23.49281 23.79451 23.90315 25.39294 25.90685 24.87287 24.54302 22.94812 21.66998 20.97759 18.67378 17.65041 18.05064 17.7097 19.08824 19.49323 11.53183 8.859327 20.75698 23.77732 22.85041 23.00137 24.41682 24.52115 22.07477 23.0217 25.90718 27.16273 28.0468 26.89231 26.82041 26.68526 24.57105 22.8082 22.18372 21.68785 19.93661 18.27885 16.54652 14.40029 15.03747 19.36346 20.96147 20.78824 21.02038 21.81833 23.50998 25.2906 24.67152
18.26141 20.10304 18.30701 15.73079 18.2563 22.11553 22.74051 21.17156 21.11701 22.11257 22.23239 25.02315 28.19292 28.50965 28.76241 29.16408 28.57559 27.57185 27.76502 27.23323 26.37398 23.9932 22.0094 21.67799 19.51364 18.17294 18.6987 18.12037 18.9737 20.19655 15.16641 5.549889 21.26607 25.39523 23.02816 23.92759 25.52059 24.07664 21.6817 23.69434 26.90119 27.76575 28.05027 27.4107 27.82162 28.61548 27.58132 26.50065 24.95619 22.72692 20.09283 18.45637 18.19725 16.60087 17.13937 20.872 21.44206 20.38152 20.49375 21.16683 22.32606 23.26254 21.57298
18.42243 19.97812 18.425 17.1174 20.09801 20.36393 20.91329 21.46439 20.49317 21.32733 22.78607 26.87133 30.206 29.29687 29.38913 30.2944 31.01549 30.17028 29.11022 27.90668 27.81088 25.98849 23.32635 21.9936 19.85632 18.54042 19.05879 18.56048 19.8011 21.3763 18.49903 7.197032 20.68687 25.76991 23.14529 24.96108 25.99168 23.49251 21.59619 23.57399 27.0756 28.86329 29.69371 27.81166 26.14852 27.38767 27.39402 27.38962 25.79815 22.94646 20.2005 18.04985 18.11588 18.21101 19.74295 22.41191 21.37783 19.42098 19.49493 19.69147 19.7417 19.67331 18.18011
18.02708 20.40883 19.86707 18.75358 19.93569 18.19711 19.71711 21.62951 21.08945 23.4735 25.41525 28.21774 29.48153 26.36419 26.71961 27.91589 28.75606 29.16197 27.97807 26.1013 26.61567 26.48565 24.81294 23.79476 21.00623 19.7129 20.23263 19.46473 20.49796 22.29136 20.86617 12.4751 17.86581 25.15154 23.74795 25.77869 25.9795 23.12206 21.9112 23.46181 26.72742 29.23384 30.76757 29.29887 26.10373 24.70792 22.37185 22.58528 23.01357 22.10787 21.61478 19.81244 19.03765 18.69779 20.6962 21.91266 19.50873 18.19752 18.75047 18.74262 18.31071 17.89842 17.02464
