slope.asc
ncols 245
nrows 237
xllcorner 473595.90283111
yllcorner 226796.12974521
cellsize 30
NODATA_value 0
[rows 56 to 83 of 237, columns 126 to 188 of 245]
1.595105 2.062649 3.158972 4.260833 6.056316 7.406322 7.66021 9.605982 10.34237 10.07273 9.500582 10.26192 11.45982 14.23323 17.76959 17.88673 16.75492 15.42682 13.97459 12.12735 10.34239 9.238618 7.638282 7.533932 8.977238 11.25445 13.80769 15.68054 17.01897 17.58186 18.91259 19.81865 19.4194 17.26725 15.24231 14.27131 14.35698 14.55888 14.3557 15.24277 14.51153 12.8436 11.23613 10.49798 9.723571 9.963646 11.12193 13.9744 17.84039 19.93905 21.78404 24.70659 25.27703 24.33587 16.19162 11.79324 15.94176 21.48215 20.6028 16.08215 14.11532 11.74498 11.34679
2.198484 2.516944 2.220702 3.799562 4.640836 5.825595 9.46727 11.30837 11.30854 10.93706 11.09467 13.51976 16.36834 19.09134 20.35728 18.33164 16.7701 14.02155 11.09677 9.398427 8.229801 7.330538 7.209336 8.551164 10.55221 12.74388 14.27035 14.09799 14.12826 14.53833 15.38333 16.16626 16.5051 16.07637 15.48843 15.65617 16.25291 16.04441 15.06842 14.17423 12.9057 12.08018 12.74131 12.94599 13.20674 13.42696 13.40481 14.71208 13.93008 12.87817 13.93327 17.89988 20.15837 21.80763 20.49984 15.02518 11.5015 18.13998 20.97813 18.23487 15.25515 12.3212 11.97362
5.085689 5.52601 5.388072 7.319026 9.260177 11.01691 13.29239 13.61887 13.29513 13.34461 14.93904 18.45166 20.07345 20.62442 19.47435 15.9973 13.7712 10.88786 9.145464 8.78208 7.699633 7.015838 7.979879 9.700075 11.77789 13.28423 13.53865 13.09838 13.25331 13.84521 14.84288 15.73437 15.49843 15.58047 15.79196 15.797 15.42735 14.78801 14.04364 14.03914 14.26213 14.31708 14.53701 14.22442 14.36058 14.53999 14.02125 12.53598 10.37737 10.12551 10.55408 12.79963 14.69191 16.37681 18.18641 17.7646 14.64846 12.65472 18.79498 19.4678 15.99466 12.87829 12.32228
5.176386 8.876142 12.74061 12.61676 13.54693 15.64668 16.68854 15.98733 15.30945 16.07022 17.46366 18.54815 17.62643 16.70797 14.32397 11.60028 10.72212 9.711897 9.336255 9.243596 8.870893 8.766151 9.350941 10.6336 12.58397 13.67509 13.65277 13.70631 13.84331 13.92047 14.25036 14.35229 14.12854 14.20723 14.36454 14.87688 14.86224 14.93751 14.93647 15.48265 15.51717 14.71232 14.2833 13.82679 12.80869 12.85759 13.07452 12.00893 11.16438 11.23527 10.70187 11.93707 14.1125 17.28606 19.77294 20.38663 19.42831 14.4694 13.86983 17.9431 16.81502 13.57192 12.76811
8.408851 15.79702 15.87688 12.71043 13.00164 14.33056 15.18761 14.38522 14.31771 14.41553 14.51868 14.25066 13.21226 11.76942 10.91412 10.32656 10.91375 11.62413 11.87504 12.00122 12.14684 11.85417 11.84419 12.67723 14.07061 14.55851 13.60043 13.47717 13.48923 13.51057 13.46616 13.44014 13.50897 13.54415 14.05825 14.65932 14.93128 14.96809 14.8572 14.74351 14.53265 13.72059 13.43617 12.82387 11.65145 11.53548 12.41078 13.22074 12.73481 11.7628 11.30558 12.34698 14.68145 16.66277 18.20919 19.225 20.13533 18.40643 13.18076 12.55688 15.69618 14.30661 13.90722
12.51255 16.51923 14.41563 11.64874 11.5169 11.37053 11.53251 10.97134 10.733 11.18028 11.28211 11.15389 10.71549 10.05385 10.7066 10.72877 12.02462 13.57265 14.02468 14.58374 14.25427 14.13956 14.65624 14.81113 14.79688 13.76573 12.36826 12.56282 12.33084 12.58671 13.28569 13.86965 13.87477 13.86926 14.11242 13.85607 13.86537 13.81276 13.65532 13.79226 13.60579 12.68757 12.1942 11.68877 10.52573 10.58497 11.56682 12.12506 12.45941 12.90741 12.73649 13.32116 14.47428 13.81059 13.55122 14.23844 16.20149 17.99465 16.47799 12.2346 11.30181 13.07107 14.74893
12.83004 14.79691 13.83969 11.7703 10.99419 10.50182 10.32468 9.496221 9.318976 10.58198 10.43642 10.05644 10.11679 10.11552 11.17369 11.2648 12.75093 13.9303 13.60078 13.95724 14.00267 14.32002 14.71902 14.53252 13.73308 13.09777 12.82997 12.75538 11.93379 12.21837 13.50181 14.7295 14.86895 14.64149 14.3802 13.90812 13.43284 13.20681 13.20228 13.23793 13.05413 12.70867 12.23578 11.60126 10.70451 11.44923 12.35379 12.58376 13.63501 15.28392 15.24611 15.21435 14.6678 13.41281 13.44305 14.15953 15.64171 17.37008 18.01717 16.51288 11.32409 10.23867 13.5508
12.10065 13.83183 13.30934 11.90224 11.65942 11.35314 10.45204 9.36631 9.421729 10.03028 9.544111 9.462843 9.933794 10.38023 11.02249 11.77778 13.37361 13.75624 12.1749 12.20705 12.68764 13.05001 13.75582 13.98377 13.53796 13.75583 13.27765 12.53625 12.13129 13.18976 15.21125 16.4647 16.50608 16.55051 16.62734 16.0204 15.00005 14.27589 13.42199 12.8654 13.19888 13.50211 13.22978 12.58624 12.0967 12.86679 13.33665 13.4414 14.69346 16.1627 16.78119 16.27003 15.08031 13.73363 13.70246 14.39225 15.34093 16.47392 16.94354 16.35353 13.32275 10.09876 11.09597
12.39975 13.56711 12.58068 12.05369 12.5508 11.74592 10.03245 8.853244 8.64036 8.706427 8.244208 8.562963 10.12903 10.86495 11.90218 13.35974 14.14719 13.82404 12.1039 12.41094 13.20093 13.61167 14.18286 14.1062 13.69154 13.44085 12.96843 13.15806 14.70968 16.95249 18.56685 18.48983 17.98544 18.19948 18.36068 17.58147 16.67769 15.61747 14.40157 14.09826 14.50001 14.29647 13.93189 13.44159 13.30938 13.67171 13.66049 13.52312 14.90911 15.22828 14.61784 14.06869 13.96304 12.69896 12.09142 12.1486 12.28932 13.09406 13.75567 14.56355 14.14393 12.1649 10.65703
12.60362 12.93026 11.72616 11.70058 12.49958 11.38877 9.373287 8.209618 7.772424 7.935807 8.276365 9.345897 11.38228 12.26766 13.22614 14.38028 13.7922 13.41565 13.2077 13.71002 14.22424 14.09814 14.07127 13.70438 13.53477 14.08118 15.24808 17.04274 19.58341 20.83149 20.66811 19.20229 17.72902 16.95855 16.38405 15.71207 15.392 15.31852 15.27043 15.60316 15.7669 14.68148 13.95533 13.68148 14.09695 14.55691 14.39314 14.04095 14.62423 13.94884 12.62215 12.48948 12.13503 10.7715 9.893058 9.622092 9.489602 9.835676 10.82852 13.0566 14.43985 14.07877 12.80411
12.55659 11.99667 10.88732 11.48662 11.93038 10.55828 8.63537 7.467731 7.324185 8.069954 9.267903 10.36968 12.29418 12.56837 12.55698 13.06555 11.9357 13.00098 13.88799 13.79763 14.05287 14.29637 14.48801 14.32028 14.78263 16.62659 18.58256 20.12302 21.65029 21.45438 20.1675 18.25683 16.34453 14.83358 14.09872 13.98152 14.13577 14.91048 15.95555 16.60391 16.36541 15.01304 14.14127 14.25299 14.51256 14.67212 14.78717 14.54374 14.28193 13.57453 12.84879 12.38478 10.93978 9.893064 9.582726 9.490153 9.280424 9.474129 10.05914 11.64915 13.37438 13.66974 13.4298
12.27041 10.85513 10.21748 10.91936 10.65595 9.223166 8.072464 7.813381 7.719338 8.928264 9.907015 10.31414 11.80449 11.12494 10.4728 11.09426 10.04556 11.88939 12.84113 12.51162 12.91399 12.83992 14.35957 16.11171 17.43693 19.29204 20.71801 20.96932 21.38888 20.36489 18.80425 17.60061 16.11678 14.77682 14.41404 14.80992 15.33685 15.86688 16.62122 16.86541 16.34451 15.36623 14.66854 14.7346 14.51592 14.06748 14.37288 13.89702 13.37415 12.92211 12.11926 11.20954 10.30203 10.22277 10.9264 11.47317 10.9122 10.59799 10.50441 10.93507 11.57084 11.81816 12.27523
11.22127 9.416181 9.320589 9.668607 9.171271 8.509251 8.38167 8.649837 8.440683 9.530829 9.966859 9.648073 10.35448 9.321846 8.915415 9.162167 8.04847 10.34107 12.00079 11.95125 12.89696 10.78973 12.26769 15.69911 18.20125 20.16636 20.83351 20.37541 20.70127 19.92493 18.9032 18.06412 17.03828 15.87851 15.73767 16.15016 16.44055 16.55021 16.46399 16.11348 15.44661 14.61685 14.20469 13.96827 13.68125 13.23783 12.71624 11.92426 12.05906 12.18198 11.40131 10.64048 10.50232 10.65065 11.0878 11.70163 11.03295 10.37821 9.896674 9.894409 10.5289 11.58766 12.90256
9.823743 8.064141 8.221053 8.466406 8.238684 8.523488 8.792545 9.021607 9.280469 9.914408 9.96241 9.434907 9.33043 8.260791 7.937354 7.747573 6.871191 8.940536 10.69361 11.24141 14.20077 13.99608 12.92936 13.99923 15.01744 16.8764 17.17377 17.36686 19.09 19.25674 18.31012 17.37205 16.83009 16.33881 16.47292 16.55429 16.06842 15.94245 15.58658 14.9012 13.81429 13.06088 13.01538 12.75155 12.39844 12.11172 11.56927 11.02869 11.59621 12.19407 11.69419 11.54258 11.70858 11.86286 11.7172 11.93692 11.76438 11.53168 11.13132 10.73951 11.71761 12.97211 13.55034
8.57011 7.320426 7.678893 8.017427 8.259703 9.197824 9.474373 9.186226 9.706146 10.39794 10.07809 9.305458 8.721364 7.872208 7.382902 7.08638 6.839446 8.305897 9.375468 9.751678 13.69156 15.5236 14.51035 15.43809 13.55622 11.74953 12.21986 13.10747 15.30158 14.93642 13.45552 12.8781 13.61556 14.79827 15.84571 16.04188 15.72578 15.53853 14.6662 13.44964 12.23411 11.9059 12.22953 12.32037 12.07071 11.88836 11.82594 11.82594 12.48171 12.83732 12.31333 12.50844 13.42837 14.0827 14.52441 15.4337 15.60887 15.68951 15.53931 14.06834 13.72238 13.77868 13.24916
7.566238 7.202033 7.895442 8.256351 8.655209 9.764345 10.22492 9.408892 9.864813 11.10961 10.78963 9.519972 8.612748 7.923545 7.098253 7.118367 7.118923 7.671677 8.704972 9.328273 12.89713 14.66556 13.52276 15.66959 15.41547 13.08645 13.26306 12.45254 12.78234 12.84085 9.6252 7.060307 7.474967 11.37938 14.41908 15.71051 16.12603 15.9165 14.4397 12.5063 11.3953 11.34523 12.00081 12.49297 12.34866 12.40187 12.65578 13.08378 13.31826 13.46595 13.3304 14.56055 16.32199 17.18879 18.28641 19.42425 19.40401 18.8619 18.93952 17.06814 14.75222 13.6628 13.2273
6.976964 6.61983 7.913979 8.709044 9.110028 10.232 10.86919 10.07173 10.07538 11.34116 11.4159 10.35066 9.511598 8.096971 6.999847 7.288835 7.01825 7.45017 8.690145 9.145589 12.01203 12.95208 11.64833 14.24485 15.18903 14.41209 15.60191 14.80454 14.33256 16.18856 14.39618 11.31912 8.203654 8.783964 12.15137 14.07744 14.97628 14.84432 13.65174 11.89975 11.00097 10.84167 11.43884 11.8083 12.09075 12.77822 13.61602 13.95692 14.03881 14.53399 15.56088 17.64264 19.27182 20.36178 21.4644 21.71636 21.34734 20.22438 20.04881 19.11591 16.78884 15.16768 13.52707
5.378916 5.444304 7.035273 8.488089 9.592335 10.52875 10.7939 10.5865 10.58492 11.14815 11.79851 11.6773 10.69761 8.67418 7.440377 7.808834 7.322793 7.477164 9.051553 9.478112 11.03311 11.49381 10.14211 12.38953 13.78734 13.64494 15.48409 14.86133 14.04975 16.67302 16.98011 15.80486 15.07327 13.5816 12.86712 11.36136 11.62383 11.67245 11.52446 10.81176 10.22822 10.43379 10.97645 11.38675 12.35728 14.00846 15.1973 15.51333 16.05604 17.11727 18.40318 19.53055 21.0565 21.94102 22.95318 22.98889 22.66338 21.41992 20.72146 20.69687 19.51267 18.50207 15.97932
4.289887 4.286874 5.272496 7.111355 9.168358 10.23425 9.891555 10.13924 10.8543 10.83214 11.56032 12.48197 11.74336 9.678044 8.36233 8.238654 7.8861 8.225997 9.723392 9.955327 10.54063 10.62723 9.32832 10.81196 11.71119 11.90811 14.13507 13.34602 11.61949 13.79893 14.99022 16.61501 19.19643 17.72852 14.81503 10.20316 8.381313 8.711748 9.872247 10.20053 10.01566 10.92383 11.76255 12.88656 14.75837 16.43668 17.01139 17.46115 18.26965 19.38297 20.0855 21.00916 22.40373 22.29449 22.39523 22.09443 22.15104 21.87738 21.34687 21.48816 20.20026 20.03617 19.63511
5.028955 5.167843 5.825405 7.726581 9.294378 9.36253 8.35545 8.381671 9.865786 10.20137 11.08321 12.48959 11.99436 10.43138 9.625283 9.077914 8.420847 8.925888 10.48301 10.61077 10.44754 10.20936 9.074546 10.09207 10.33546 10.24424 12.47818 11.80979 10.13509 12.6699 14.78884 18.58914 22.03262 19.36181 15.30301 10.61011 7.715284 7.947385 9.648562 11.19443 12.46026 13.61299 14.71942 16.38542 18.0875 18.11498 17.9329 18.47593 19.52056 21.03279 22.28522 22.98329 22.8073 21.24687 20.35007 19.5627 20.40046 22.24605 22.70366 22.90115 21.11748 20.74752 21.3073
5.358256 6.337438 7.680503 9.323709 9.922579 8.822321 7.570167 7.26243 8.068763 8.348853 9.502914 11.2947 11.36723 10.67266 10.31965 9.818134 9.021395 9.248254 11.08767 11.38839 10.29681 9.876183 8.927784 9.886947 10.29676 9.577153 11.07677 11.13515 10.6592 13.76554 15.93809 20.01365 23.28293 19.83047 15.90148 11.96811 9.355616 9.543873 11.25261 13.79393 16.3693 17.46066 18.36681 19.48043 19.35873 18.1558 18.06691 19.16765 20.66697 22.96523 23.89723 23.11077 21.40108 19.57778 19.08537 19.32031 20.51494 21.9416 23.3378 24.77453 24.03633 23.28142 23.13371
5.267107 6.288945 7.300511 8.53159 8.639433 7.702883 7.292812 7.69175 8.180544 7.488251 7.604948 8.763939 9.156447 9.457047 9.930951 9.817345 9.72364 10.17539 11.73538 11.75659 9.981858 9.719064 9.613926 10.25884 10.62614 9.694296 10.43385 11.624 12.18185 14.52252 16.14905 20.18427 23.95988 20.56806 16.97913 13.83149 11.516 12.33085 14.57384 17.00961 19.42476 20.55956 20.83083 21.07619 19.73103 18.46379 18.72321 19.94328 21.14372 22.42746 21.81389 20.41075 19.73493 19.74249 20.70916 22.49304 23.5768 23.98658 24.65606 25.69607 24.61382 23.23362 22.89772
4.870689 5.51563 6.33445 7.165554 7.45218 7.097619 7.249976 8.081604 8.18083 7.46834 7.649536 8.038277 7.805276 8.573614 9.676067 9.946932 11.24976 12.44035 12.83331 12.21618 10.49258 10.77886 11.22397 11.34813 11.61854 10.18091 10.3447 12.8785 13.41449 15.04457 16.57812 19.46151 24.0526 21.54499 18.14375 15.98301 13.28138 14.40743 16.17448 18.18024 20.3655 21.57805 21.77774 21.18537 19.87819 19.393 19.49513 19.61508 19.76423 19.77238 18.79097 18.00111 19.33516 21.51706 23.47895 25.31217 26.24904 27.20374 27.36367 27.39687 25.25722 23.03791 22.52443
5.046525 5.756595 6.338856 6.719947 6.994606 6.96819 7.74512 8.000067 7.686086 7.708391 8.154378 8.475383 8.713051 9.857644 11.56959 11.95896 13.27019 14.21573 13.57247 12.26659 10.81952 11.9596 12.87249 12.324 12.06087 10.41894 10.5778 14.18727 14.83073 16.25385 18.27057 20.37546 24.85968 22.37195 18.61014 17.91376 14.82155 14.82928 15.23866 16.57153 18.2318 18.8152 19.26422 18.74495 18.45952 18.83149 19.13864 18.77208 18.64117 18.57007 17.85127 17.74274 20.27255 23.07004 24.79881 25.85263 26.17863 26.85076 27.55766 29.27397 29.0644 27.23321 26.08945
6.092037 6.168576 6.896148 6.817841 6.919002 7.127749 8.064106 7.958299 7.926735 8.497365 8.653812 8.993811 9.575962 11.14933 13.25726 13.20751 13.70514 14.31856 13.04642 11.58562 11.48996 13.36234 14.06503 13.13015 12.64903 11.37344 12.23168 16.81485 17.78019 18.83525 21.6433 23.6865 25.66715 22.29627 19.67894 19.57279 16.42784 16.31323 15.72988 15.34257 16.4596 16.60367 17.00649 17.48367 18.08937 18.90166 20.10705 20.25516 19.94319 19.18448 18.06277 18.47791 21.35353 23.71566 24.36071 25.30939 25.40031 25.7727 26.77429 29.52556 31.0576 29.78873 28.05689
8.717242 6.827365 7.135593 6.948159 7.023508 7.232755 8.239639 8.248194 8.140426 9.276079 9.249077 9.431328 10.51511 12.26581 13.83701 12.92209 12.93662 13.50425 12.01655 11.34696 12.33382 14.05424 14.58372 13.87317 13.72631 12.86502 14.9658 19.47836 19.99639 21.05955 24.21823 24.05443 24.16673 23.47517 22.1736 21.42836 20.06137 19.9019 18.40314 17.41288 18.71291 19.10683 19.32751 19.99363 20.72113 21.52608 22.38814 22.2148 21.4358 20.19547 19.15064 20.06441 22.64504 24.63408 24.8503 25.41393 25.36077 26.13806 27.19759 29.4897 31.25335 30.49204 28.8138
12.79046 7.984519 7.440377 6.480319 7.004151 7.642209 8.200638 8.150249 8.276274 9.77942 9.962388 10.47211 12.22339 13.30095 13.35525 12.15295 11.95893 12.42995 11.20902 11.24249 12.67434 13.78735 14.34491 14.32676 13.3435 13.14558 16.47478 19.78168 19.72955 21.03223 23.28658 21.83808 25.19059 26.68397 22.46721 23.37988 24.7429 23.38914 22.44458 22.54194 23.03867 22.40805 21.67006 21.81954 22.34616 22.82834 22.63679 21.51164 20.86102 20.60589 20.63293 21.73598 24.07653 26.52057 26.2761 25.6362 24.5588 24.9155 26.342 28.79825 31.36585 31.89602 31.06566
16.56709 9.562868 7.678878 5.802559 6.887829 7.976264 7.889659 7.868725 8.741271 10.54128 11.02645 12.04314 13.98891 13.04781 11.98396 11.30197 11.16973 11.92959 10.68273 10.87488 12.47608 13.11432 14.06857 14.3346 12.96334 13.48125 15.87242 17.88027 18.16418 19.72809 21.96001 21.97052 26.8163 24.17005 18.80319 24.99132 24.40565 22.09601 23.95875 25.0218 23.49104 20.6679 18.59266 19.00934 20.14894 22.35877 22.69246 21.73571 21.10885 21.14873 21.37461 22.47986 25.63497 28.29672 26.4201 24.24271 22.82395 23.37385 25.925 28.82596 31.49326 31.92543 31.41384
